9 0.98 40.0
27.34805479035826
0.11478610510226182
0.12534544615310103
0.1362919712768003
0.14758832628277485
0.1591960414222405
0.17107594218860037
0.18318855802660344
0.19549452435442782
0.20795497305191823
0.22053190635526723
0.23318854892331906
0.24588967270322903
0.2586018891223098
0.2712939030671274
0.2839367230782243
0.2965038221867549
0.30897124384486363
0.32131764745144137
0.3335242880452333
0.3455749248241066
0.3574556532483249
0.3691546568624947
0.38066190573633185
0.3919688731459015
0.40306828943947276
0.4139539246436467
0.4246203935361657
0.435062979304288
0.44527747360836356
0.4552600320905533
0.46500704524868575
0.47451502523001365
0.48378050955459145
0.4927999830993373
0.5015698198947447
0.5100862464311285
0.5183453282586481
0.5263429817093889
0.5340750125817436
0.5415371836163143
0.5487253125660528
0.5556353943071701
0.5622636627968965
0.5686065779333811
0.5746608082554834
0.5804232166174261
0.5858908485817665
0.5910609232540912
0.5959308262722862
0.6004981046613066
0.6047604632701827
0.6087157625203953
0.6123620172125278
0.6156973961598611
0.6187202224421001
0.6214289740984217
0.6238222851054153
0.6258989465112353
0.6276579076214942
0.6290982771544222
0.6302193243020642
0.6310204796505181
0.6315013359254111
0.631661648539238
0.6315013359254109
0.6310204796505177
0.6302193243020635
0.6290982771544215
0.6276579076214931
0.6258989465112342
0.6238222851054142
0.6214289740984202
0.6187202224420983
0.6156973961598591
0.6123620172125258
0.6087157625203933
0.6047604632701802
0.6004981046613043
0.5959308262722837
0.5910609232540888
0.5858908485817637
0.5804232166174232
0.5746608082554804
0.5686065779333779
0.5622636627968931
0.5556353943071668
0.5487253125660495
0.541537183616311
0.5340750125817398
0.5263429817093854
0.5183453282586443
0.5100862464311247
0.5015698198947408
0.49279998309933315
0.48378050955458735
0.47451502523000944
0.4650070452486816
0.455260032090549
0.4452774736083597
0.4350629793042839
0.42462039353616154
0.4139539246436428
0.4030682894394688
0.3919688731458975
0.3806619057363283
0.36915465686249127
0.3574556532483216
0.3455749248241034
0.33352428804523016
0.3213176474514384
0.308971243844861
0.29650382218675236
0.2839367230782221
0.2712939030671255
0.25860188912230786
0.24588967270322706
0.23318854892331733
0.22053190635526557
0.2079549730519167
0.19549452435442638
0.1831885580266025
0.17107594218859856
0.15919604142223912
0.14758832628277255
0.13629197127679915
0.12534544615309914
0.1147861051022604
24.980064749412637
-0.21941832706017803
-0.23828884966484523
-0.2575945930516218
-0.2772306760504944
-0.29708977177166257
-0.317063114481719
-0.33704150495732216
-0.3569163033106297
-0.3765803977447372
-0.39592913726404166
-0.41486121603470116
-0.43327949686359957
-0.4510917611385491
-0.468211372544588
-0.48455784193651846
-0.5000572809004578
-0.5146427317701144
-0.5282543621687256
-0.5408395125160492
-0.5523525853618161
-0.5627547658721055
-0.5720135659502767
-0.5801022491307763
-0.5869992868736301
-0.5926878859418285
-0.5971555690556656
-0.6003937956903417
-0.6023976149949472
-0.6031653464453173
-0.6026982864476207
-0.6010004409811045
-0.5980782857084992
-0.5939405559303932
-0.5885980694136019
-0.5820635855541066
-0.5743517045949176
-0.5654788107479557
-0.5554630630976475
-0.5443244381169925
-0.5320848275244602
-0.5187681950688334
-0.5044007782505717
-0.48901115851494553
-0.47263016936488883
-0.4552907918427465
-0.4370280525374879
-0.4178789237214276
-0.397882225176441
-0.37707852724681673
-0.3555100546523012
-0.3332205906084382
-0.3102553808296642
-0.2866610370316399
-0.26248543960067955
-0.23777763915745959
-0.2125877568069111
-0.18696688293370947
-0.16096697447058203
-0.1346407506323329
-0.10804158716990479
-0.08122340925412573
-0.05424058314664321
-0.027147806855038526
2.2103567396640952e-15
0.027147806855042908
0.0542405831466476
0.08122340925413012
0.10804158716990916
0.1346407506323373
0.16096697447058633
0.18696688293371383
0.21258775680691547
0.23777763915746386
0.2624854396006837
0.2866610370316443
0.3102553808296684
0.3332205906084422
0.3555100546523053
0.3770785272468207
0.39788222517644506
0.41787892372143126
0.4370280525374914
0.45529079184274984
0.472630169364892
0.48901115851494864
0.5044007782505745
0.5187681950688362
0.5320848275244627
0.5443244381169948
0.5554630630976495
0.5654788107479576
0.5743517045949192
0.5820635855541084
0.5885980694136033
0.5939405559303945
0.5980782857085002
0.6010004409811055
0.6026982864476214
0.603165346445318
0.6023976149949477
0.6003937956903418
0.5971555690556657
0.5926878859418288
0.58699928687363
0.5801022491307761
0.5720135659502765
0.562754765872105
0.5523525853618155
0.5408395125160484
0.5282543621687249
0.5146427317701141
0.5000572809004571
0.48455784193651796
0.4682113725445872
0.4510917611385483
0.4332794968635986
0.4148612160347003
0.3959291372640408
0.37658039774473623
0.3569163033106288
0.3370415049573212
0.3170631144817188
0.297089771771662
0.2772306760504931
0.25759459305162274
0.23828884966484604
0.21941832706017728
21.45307718176112
0.30501807970685796
0.32815516006219386
0.35121802649786216
0.37399757012982354
0.3962835985539505
0.41786698791910537
0.4385418252433723
0.4581075172657762
0.4763708412859156
0.493147912859424
0.5082660448906062
0.5215654725938496
0.5329009189783592
0.5421429759387608
0.5491792766966114
0.5539154362212171
0.5562757373460061
0.5562035415701401
0.5536614049729083
0.5486308812476423
0.5411119955577882
0.5311223790066735
0.5186961591382104
0.5038828531443386
0.48674632914186367
0.4673638075778519
0.4458248829589554
0.42223055486930494
0.396692263524911
0.369330929648104
0.3402760017240676
0.3096645160557563
0.27764017669391017
0.24435246344874656
0.2099557769077339
0.1746086297779806
0.13847289400994825
0.10171311309484676
0.06449588870456203
0.026989350496250397
-0.010637282535670462
-0.04821406946823232
-0.08557092689102518
-0.12253846475766435
-0.15894883097624504
-0.194636536635077
-0.22943925923849956
-0.26319862148958567
-0.2957609432928481
-0.32697796476344765
-0.3567075381232386
-0.3848142864423399
-0.4111702272526307
-0.4356553591217369
-0.4581582093376442
-0.4785763409197328
-0.49681681724598464
-0.512796622672112
-0.5264430376194518
-0.5376939667269736
-0.5464982188000445
-0.5528157374450536
-0.5566177814537834
-0.5578870541923927
-0.5566177814537832
-0.5528157374450534
-0.5464982188000439
-0.5376939667269729
-0.5264430376194511
-0.5127966226721113
-0.4968168172459838
-0.4785763409197317
-0.4581582093376431
-0.4356553591217357
-0.4111702272526294
-0.38481428644233834
-0.3567075381232369
-0.3269779647634457
-0.29576094329284613
-0.2631986214895837
-0.2294392592384974
-0.1946365366350747
-0.15894883097624268
-0.12253846475766193
-0.08557092689102272
-0.04821406946822975
-0.010637282535667852
0.026989350496253058
0.06449588870456471
0.10171311309484936
0.1384728940099507
0.17460862977798325
0.20995577690773634
0.24435246344874895
0.27764017669391244
0.3096645160557585
0.34027600172406974
0.36933092964810604
0.39669226352491294
0.42223055486930666
0.445824882958957
0.46736380757785334
0.48674632914186505
0.5038828531443398
0.5186961591382115
0.5311223790066746
0.5411119955577893
0.5486308812476431
0.5536614049729089
0.5562035415701406
0.5562757373460069
0.5539154362212179
0.5491792766966119
0.5421429759387613
0.5329009189783596
0.5215654725938498
0.5082660448906061
0.49314791285942394
0.476370841285915
0.4581075172657764
0.43854182524337265
0.417866987919106
0.3962835985539505
0.3739975701298235
0.3512180264978613
0.3281551600621933
0.30501807970685774
17.28874387862934
-0.3650678060479402
-0.38744190888084196
-0.40866126483066945
-0.4284050421053446
-0.44636181098256494
-0.4622336523167532
-0.47574015617091125
-0.4866222586595046
-0.4946458647318706
-0.4996052049402692
-0.5013258752187731
-0.4996675103360661
-0.4945260439549997
-0.4858355111039916
-0.4735693523012611
-0.45774118252581575
-0.43840499264517235
-0.4156547557286603
-0.38962341583073673
-0.3604812422502861
-0.328433537884908
-0.2937177024160372
-0.2565998108533196
-0.21737109317687103
-0.1763444284462061
-0.13385082817861965
-0.0902358975256863
-0.04585627712070169
-0.0010760787610821887
0.043736664548037214
0.0882135084813681
0.13198903799457945
0.1747042072271432
0.21600954616117826
0.25556820122721896
0.2930587775090183
0.3281779512683075
0.36064282308963413
0.3901929839512768
0.4165922688865766
0.4396301755436795
0.45912296967804034
0.4749148917632506
0.48687952004250634
0.4949209119893646
0.49897447883395185
0.4990075881562166
0.4950198918273755
0.48704337882131143
0.47514215460774795
0.4594119509680756
0.43997937213266036
0.4170008851155607
0.3906615640095663
0.36117359979334357
0.3287745888862902
0.29372561525937646
0.2563091423664225
0.2168267324949828
0.17559661234453833
0.13295110471723304
0.08923394714781482
0.04479751909903191
-1.0034093450570847e-15
-0.044797519099033886
-0.08923394714781674
-0.13295110471723487
-0.1755966123445401
-0.21682673249498452
-0.2563091423664241
-0.2937256152593779
-0.3287745888862915
-0.3611735997933448
-0.3906615640095675
-0.4170008851155617
-0.4399793721326612
-0.4594119509680763
-0.47514215460774845
-0.48704337882131166
-0.4950198918273758
-0.49900758815621643
-0.4989744788339517
-0.49492091198936444
-0.48687952004250584
-0.4749148917632502
-0.45912296967803956
-0.4396301755436787
-0.41659226888657575
-0.39019298395127594
-0.36064282308963336
-0.32817795126830673
-0.29305877750901727
-0.2555682012272181
-0.2160095461611774
-0.17470420722714233
-0.13198903799457865
-0.08821350848136733
-0.043736664548036396
0.001076078761082869
0.04585627712070222
0.0902358975256868
0.13385082817862004
0.1763444284462064
0.2173710931768713
0.25659981085331973
0.2937177024160375
0.3284335378849079
0.36048124225028616
0.3896234158307369
0.41565475572866
0.4384049926451724
0.457741182525816
0.4735693523012611
0.4858355111039913
0.4945260439549996
0.499667510336066
0.5013258752187728
0.4996052049402692
0.49464586473187017
0.4866222586595045
0.47574015617091137
0.4622336523167525
0.44636181098256456
0.42840504210534486
0.4086612648306693
0.38744190888084185
0.36506780604794026
13.03673481589325
0.39614846936681186
0.4127521886607559
0.4267608813917533
0.43779305357193626
0.445502800630339
0.44958609703055974
0.44978657556640916
0.4459006971639024
0.4377822168899368
0.425345858359936
0.40857011676383675
0.38749912018164506
0.3622434896015674
0.33298014992833164
0.2999510570991318
0.263460820014504
0.22387321013114264
0.18160656603124561
0.1371281148481247
0.09094724685546336
0.04360779358180358
-0.004320617545736002
-0.05225182493004692
-0.0995923808720984
-0.14575055675542137
-0.19014507896671098
-0.23221355033723293
-0.27142049343814306
-0.30726494074175065
-0.33928749073757586
-0.3670767473815091
-0.3902750619161609
-0.40858350050499415
-0.4217659677838945
-0.42965242495078226
-0.4321411510417886
-0.42920000727231256
-0.4208666764674122
-0.40724786239922683
-0.3885174470327925
-0.3649136170099473
-0.33673504417693517
-0.3043367766827811
-0.2681259764764082
-0.22855701906570078
-0.18612596486598199
-0.14136447523626322
-0.09483325335771818
-0.04711509605532735
0.0011923525633840968
0.04948405122703894
0.09715511865159208
0.1436083999644646
0.1882619448685013
0.23055630148103567
0.26996153246019977
0.3059838638685538
0.3381718821628061
0.36612220066568046
0.3894845237891022
0.4079660450448552
0.42133512340020274
0.4294241917062028
0.4321318606359872
0.4294241917062028
0.4213351234002025
0.4079660450448551
0.38948452378910203
0.3661222006656802
0.3381718821628055
0.3059838638685533
0.26996153246019916
0.2305563014810352
0.1882619448685008
0.1436083999644641
0.09715511865159158
0.04948405122703834
0.001192352563383479
-0.04711509605532796
-0.09483325335771882
-0.14136447523626391
-0.18612596486598268
-0.22855701906570144
-0.2681259764764087
-0.3043367766827817
-0.3367350441769359
-0.364913617009948
-0.388517447032793
-0.4072478623992273
-0.4208666764674125
-0.4292000072723128
-0.4321411510417886
-0.42965242495078226
-0.42176596778389425
-0.408583500504994
-0.39027506191616046
-0.36707674738150864
-0.33928749073757525
-0.3072649407417501
-0.27142049343814245
-0.23221355033723207
-0.19014507896671
-0.14575055675542045
-0.09959238087209737
-0.052251824930046
-0.004320617545734926
0.04360779358180459
0.09094724685546439
0.13712811484812562
0.18160656603124642
0.22387321013114342
0.2634608200145047
0.29995105709913233
0.332980149928332
0.36224348960156766
0.38749912018164523
0.4085701167638368
0.4253458583599357
0.4377822168899369
0.4459006971639026
0.44978657556640916
0.44958609703055913
0.44550280063033904
0.43779305357193665
0.4267608813917534
0.4127521886607566
0.3961484693668117
9.162476963965911
-0.398226524232955
-0.4050745001772284
-0.4079115260372948
-0.4064102785327293
-0.40032193074343814
-0.3894827679788204
-0.3738193369257512
-0.35335199918500315
-0.3281967842522015
-0.29856546361746655
-0.2647637964621281
-0.22718792788454578
-0.18631895211261082
-0.14271568514935098
-0.09700572312237825
-0.04987489363187422
-0.0020552369840587956
0.0456883182571894
0.0925723960546695
0.1378105189367524
0.18062913014455864
0.2202840356257274
0.25607668364912484
0.28736925787819373
0.3135981679245134
0.3342858367203958
0.3490506778193119
0.3576151522983102
0.35981180358660353
0.3555871861725547
0.34500362843790744
0.32823879902295927
0.3055830786479452
0.2774347739226718
0.24429324523193727
0.20675005626001725
0.16547828717328697
0.1212201860554709
0.07477336310306665
0.02697575863828264
-0.021310361430958765
-0.06921502484316369
-0.11587661877595805
-0.160457010742349
-0.20215623952279782
-0.24022658700342608
-0.2739857712323292
-0.3028290167086608
-0.3262397781680425
-0.34379891853845607
-0.35519216985206553
-0.360215737183515
-0.35877993956257387
-0.350910817650878
-0.33674967511470333
-0.31655055837972634
-0.2906757171200176
-0.2595891247148923
-0.22384817332238907
-0.1840936915148252
-0.14103846298970246
-0.09545445215166233
-0.048158965866567476
4.627916128919655e-16
0.04815896586656836
0.09545445215166323
0.14103846298970316
0.184093691514826
0.2238481733223897
0.2595891247148928
0.290675717120018
0.3165505583797266
0.3367496751147036
0.35091081765087817
0.358779939562574
0.360215737183515
0.35519216985206525
0.34379891853845573
0.3262397781680423
0.3028290167086604
0.2739857712323287
0.2402265870034254
0.20215623952279718
0.16045701074234844
0.11587661877595751
0.06921502484316307
0.02131036143095831
-0.02697575863828309
-0.07477336310306706
-0.12122018605547118
-0.16547828717328705
-0.2067500562600176
-0.24429324523193718
-0.27743477392267185
-0.3055830786479451
-0.3282387990229591
-0.3450036284379074
-0.3555871861725545
-0.3598118035866034
-0.35761515229830987
-0.34905067781931154
-0.33428583672039536
-0.31359816792451317
-0.2873692578781934
-0.25607668364912456
-0.2202840356257269
-0.18062913014455811
-0.13781051893675195
-0.0925723960546691
-0.04568831825718909
0.002055236984059149
0.04987489363187461
0.09700572312237864
0.14271568514935135
0.1863189521126113
0.22718792788454625
0.2647637964621286
0.2985654636174676
0.32819678425220206
0.3533519991850037
0.3738193369257516
0.38948276797882153
0.4003219307434383
0.40641027853272976
0.4079115260372955
0.4050745001772295
0.39822652423295524
5.97183649934385
0.37446038758447364
0.36938294477854866
0.35934639430651405
0.3442281678815735
0.32403477684922044
0.29890359234509584
0.2691016355035704
0.23502135406653005
0.19717342673438942
0.1561767020606991
0.11274544301578607
0.06767410993756456
0.021819971896059165
-0.023916111949067644
-0.06861035497627115
-0.11133772756520027
-0.15119421445391304
-0.18731917940999193
-0.2189173657336278
-0.2452800662844814
-0.2658050130523708
-0.2800145446152686
-0.2875711916676341
-0.28828925239038444
-0.28214189840993553
-0.26926387469265634
-0.24994990069884832
-0.2246489250467517
-0.19395444382051316
-0.15859115730231166
-0.11939830649745951
-0.07731009548150293
-0.03333366516207345
0.011474864091021596
0.05603572145987608
0.09927159632391608
0.14013392276942935
0.17762872606418442
0.2108414291374782
0.23896004116834937
0.2612961882356055
0.27730337261519383
0.28659076407652323
0.2889320715761468
0.28427044550213537
0.2727193975950162
0.25455970122697
0.2302323322542668
0.20032760703452285
0.16557076705442283
0.1268043466603677
0.08496773947225873
0.041074448220448284
-0.0038124397546025544
-0.04860596470919899
-0.0922215776229282
-0.13360336231422046
-0.171749564890959
-0.20573681460629306
-0.2347424510060217
-0.2580644174310455
-0.2751382393855907
-0.28555067657339234
-0.2890497178119132
-0.28555067657339234
-0.27513823938559095
-0.25806441743104563
-0.23474245100602206
-0.20573681460629323
-0.1717495648909593
-0.13360336231422065
-0.09222157762292832
-0.04860596470919918
-0.0038124397546027383
0.04107444822044812
0.08496773947225858
0.12680434666036774
0.16557076705442295
0.20032760703452301
0.230232332254267
0.2545597012269704
0.2727193975950167
0.2842704455021358
0.28893207157614725
0.28659076407652384
0.27730337261519455
0.26129618823560624
0.23896004116834982
0.2108414291374787
0.177628726064185
0.14013392276942996
0.09927159632391631
0.056035721459876606
0.011474864091021825
-0.033333665162073145
-0.07731009548150301
-0.11939830649745958
-0.15859115730231185
-0.1939544438205133
-0.2246489250467519
-0.2499499006988487
-0.26926387469265667
-0.28214189840993603
-0.28828925239038505
-0.28757119166763484
-0.28001454461526926
-0.2658050130523712
-0.24528006628448196
-0.21891736573362844
-0.18731917940999251
-0.1511942144539134
-0.11133772756520054
-0.06861035497627117
-0.023916111949067707
0.021819971896059127
0.0676741099375648
0.11274544301578598
0.15617670206069875
0.19717342673439014
0.23502135406653052
0.26910163550357163
0.29890359234509656
0.32403477684922116
0.3442281678815737
0.35934639430651505
0.3693829447785503
0.37446038758447436
3.587436491509217
-0.33057284613024696
-0.31364781505876943
-0.2916397097823473
-0.2647607578669471
-0.23339216569164484
-0.1980729155430021
-0.15948410433984433
-0.11842922742025504
-0.07581092420771433
-0.03260480254443128
0.010168958109033573
0.051475460230446066
0.09029559134510079
0.1256563495094087
0.1566601677035255
0.18251244120999235
0.20254651287020828
0.21624544395450487
0.22325999135821603
0.2234223224479163
0.21675512409975287
0.2034758709370184
0.18399549239610316
0.15890994617390689
0.12898475464426676
0.09513339060236892
0.05839048034044755
0.019880853271624234
-0.019214475101417494
-0.057694256062394096
-0.09437374207352436
-0.12812104994409002
-0.15789202944930542
-0.1827625724182853
-0.2019573842864188
-0.21487435417592615
-0.22110379810185826
-0.22044200933599076
-0.21289872595466744
-0.19869831319003478
-0.1782746519957317
-0.15225973689442066
-0.12146449776349787
-0.08685233065260098
-0.04950793384411723
-0.010602575849501207
0.028643149154255837
0.06699794308215425
0.103258622767221
0.13628794754006668
0.16505029596077112
0.1886440968940021
0.2063300190219927
0.21755405286891594
0.22196477646288812
0.2194242750458434
0.21001238122084975
0.19402410854021668
0.17196036238499515
0.1445122205211377
0.11253927544814574
0.07704271534323709
0.039133984251154
2.4051328312351777e-16
-0.03913398425115344
-0.0770427153432366
-0.11253927544814511
-0.1445122205211374
-0.17196036238499476
-0.19402410854021623
-0.21001238122084928
-0.21942427504584314
-0.22196477646288798
-0.2175540528689159
-0.20633001902199263
-0.18864409689400208
-0.1650502959607712
-0.13628794754006696
-0.10325862276722128
-0.06699794308215433
-0.028643149154256173
0.010602575849500964
0.049507933844116864
0.0868523306526006
0.12146449776349746
0.15225973689442032
0.17827465199573125
0.1986983131900343
0.212898725954667
0.22044200933599045
0.22110379810185804
0.21487435417592624
0.20195738428641877
0.18276257241828503
0.1578920294493055
0.12812104994408993
0.09437374207352432
0.05769425606239459
0.019214475101417928
-0.019880853271623918
-0.05839048034044718
-0.09513339060236849
-0.12898475464426634
-0.1589099461739065
-0.18399549239610297
-0.2034758709370182
-0.21675512409975253
-0.22342232244791602
-0.22325999135821598
-0.21624544395450493
-0.20254651287020806
-0.18251244120999216
-0.1566601677035253
-0.12565634950940882
-0.09029559134510101
-0.051475460230446336
-0.010168958109033717
0.03260480254443081
0.07581092420771421
0.11842922742025397
0.15948410433984414
0.19807291554300172
0.23339216569164445
0.2647607578669466
0.2916397097823476
0.3136478150587702
0.33057284613024673
1.9731641508847564
0.2739045688225991
0.24744581778006822
0.21673211872582826
0.18235548068409702
0.1450867825184382
0.10584290631294524
0.06564939470082522
0.02559992321001003
-0.013186018496397462
-0.0496057893457072
-0.08261515466172972
-0.11126733999737409
-0.13474828151681148
-0.1524069191255483
-0.16377956500452673
-0.16860760066786426
-0.1668480021539917
-0.15867645659663251
-0.14448310475526596
-0.12486121344336112
-0.10058933963765086
-0.07260774331691298
-0.041989008554995925
-0.009901728408796237
0.022431536525064157
0.053779675379699625
0.08294954150009548
0.10883142192232453
0.13044148837932024
0.1469594653896983
0.1577600020760831
0.16243652466111808
0.16081666974615805
0.15296874553320108
0.13919902832940523
0.1200400630851738
0.09623048700720864
0.06868722224324825
0.038471175735837936
0.006747831259798148
-0.02525568831682651
-0.056295653292186054
-0.08515986599721073
-0.11071709074024577
-0.13196307864065046
-0.14806117306792177
-0.15837597805152032
-0.16249883915828084
-0.16026420179096015
-0.1517562633071487
-0.13730570907793108
-0.11747670407303344
-0.09304468602245831
-0.06496585922981384
-0.034339606108307025
-0.0023653042479371833
0.02970475009343811
0.060614463915122443
0.0891531908250856
0.11420317030503661
0.13478331017229195
0.15008760380455247
0.15951668390546214
0.162701282670861
0.159516683905462
0.1500876038045526
0.13478331017229203
0.11420317030503674
0.08915319082508552
0.0606144639151228
0.02970475009343814
-0.0023653042479373303
-0.03433960610830692
-0.0649658592298138
-0.09304468602245838
-0.11747670407303341
-0.13730570907793124
-0.1517562633071488
-0.1602642017909602
-0.1624988391582806
-0.15837597805152037
-0.14806117306792196
-0.1319630786406506
-0.11071709074024601
-0.08515986599721108
-0.0562956532921862
-0.02525568831682664
0.006747831259798133
0.03847117573583783
0.06868722224324801
0.09623048700720872
0.12004006308517406
0.1391990283294054
0.15296874553320114
0.1608166697461582
0.1624365246611182
0.15776000207608296
0.14695946538969848
0.1304414883793201
0.10883142192232466
0.08294954150009566
0.0537796753796997
0.022431536525064084
-0.009901728408796155
-0.0419890085549961
-0.07260774331691282
-0.10058933963765085
-0.12486121344336104
-0.14448310475526602
-0.15867645659663268
-0.1668480021539917
-0.16860760066786423
-0.16377956500452692
-0.15240691912554846
-0.13474828151681154
-0.11126733999737434
-0.08261515466172985
-0.04960578934570633
-0.013186018496397181
0.02559992321001003
0.06564939470082472
0.10584290631294485
0.1450867825184376
0.18235548068409665
0.2167321187258287
0.24744581778006886
0.2739045688225985
