11 0.9500000000000001 14.0
9.714221426828477
-0.07675818855553931
-0.09679004536829107
-0.11839307799284143
-0.14105410834211937
-0.1642908110051994
-0.18768865095564463
-0.21092613966914578
-0.23378326569605637
-0.2561284278240575
-0.2778892823286652
-0.29902654887671104
-0.31951470148282396
-0.3393281093305828
-0.3584331452580905
-0.3767876649651189
-0.3943484618231766
-0.41107669920707207
-0.4269368544157689
-0.44189573627790385
-0.45592207244910754
-0.46898642997809825
-0.4810612889481417
-0.4921211565358365
-0.5021426676553464
-0.5111046573540553
-0.5189882093476764
-0.5257766907354359
-0.5314557811200914
-0.5360134997667378
-0.5394402305287288
-0.5417287428317074
-0.5428742075607712
-0.5428742075607711
-0.5417287428317069
-0.5394402305287279
-0.5360134997667367
-0.5314557811200903
-0.5257766907354343
-0.5189882093476745
-0.5111046573540532
-0.5021426676553444
-0.4921211565358344
-0.4810612889481396
-0.46898642997809614
-0.4559220724491056
-0.4418957362779022
-0.4269368544157674
-0.41107669920707096
-0.3943484618231758
-0.3767876649651183
-0.35843314525809
-0.3393281093305823
-0.31951470148282357
-0.2990265488767108
-0.277889282328665
-0.25612842782405726
-0.23378326569605626
-0.2109261396691459
-0.18768865095564527
-0.16429081100519993
-0.14105410834211984
-0.11839307799284102
-0.09679004536829051
-0.07675818855553976
9.277397086915983
0.14963667622173543
0.18703135648110353
0.2264267523725751
0.26654345242515576
0.306164762268135
0.34421913331251847
0.3798380436608396
0.41237848813788364
0.4414004315509729
0.46661045943339347
0.4878108209191598
0.5048619895975374
0.5176558902642074
0.526100950678015
0.5301219069982926
0.5296755785408731
0.5247620920508868
0.5154224623169577
0.5017360386822105
0.4838188365632685
0.46182226554550354
0.43593188439494945
0.40636595748964466
0.3733737135501187
0.3372332920426743
0.298249405150037
0.2567507568867562
0.2130872587079378
0.16762707275768599
0.12075350705171889
0.07286178513527121
0.02435571502969799
-0.024355715029699194
-0.07286178513527242
-0.12075350705172005
-0.16762707275768726
-0.21308725870793904
-0.25675075688675747
-0.2982494051500383
-0.3372332920426755
-0.3733737135501197
-0.40636595748964566
-0.43593188439495034
-0.4618222655455045
-0.48381883656326924
-0.5017360386822112
-0.5154224623169584
-0.5247620920508873
-0.5296755785408734
-0.5301219069982929
-0.5261009506780151
-0.5176558902642072
-0.5048619895975376
-0.4878108209191594
-0.4666104594333938
-0.44140043155097314
-0.41237848813788425
-0.3798380436608401
-0.34421913331251885
-0.3061647622681353
-0.2665434524251556
-0.22642675237257437
-0.1870313564811025
-0.14963667622173515
8.589373603611772
-0.21503066049419506
-0.2647799447243801
-0.31494729016095024
-0.36313126458632744
-0.4070780024348916
-0.44483290781577456
-0.4748510999574576
-0.49604852374704916
-0.5077781887568553
-0.5097492667509366
-0.501950597225941
-0.48459145418742644
-0.45805537482383296
-0.42286920979359366
-0.3796922635201609
-0.3293275688097478
-0.2727234138482537
-0.21095137387839694
-0.14518245929514534
-0.07666335018464858
-0.006692338366270706
0.06340519066446955
0.13230165463909024
0.1986922562432268
0.2613196202913431
0.31899759962697005
0.3706337617720683
0.41525010142502006
0.45200157434579635
0.4801921031681265
0.4992877582772956
0.5089268680987673
0.5089268680987674
0.4992877582772957
0.48019210316812666
0.45200157434579674
0.4152501014250208
0.37063376177206936
0.31899759962697133
0.2613196202913448
0.19869225624322864
0.13230165463909213
0.06340519066447126
-0.006692338366269283
-0.07666335018464757
-0.1451824592951448
-0.21095137387839694
-0.27272341384825405
-0.32932756880974856
-0.3796922635201619
-0.4228692097935952
-0.45805537482383457
-0.4845914541874284
-0.5019505972259436
-0.5097492667509389
-0.5077781887568578
-0.49604852374705205
-0.47485109995746017
-0.44483290781577683
-0.4070780024348931
-0.3631312645863286
-0.3149472901609511
-0.26477994472438093
-0.21503066049419578
7.70488833375442
0.26986239532491474
0.3252370494495918
0.3770515679955389
0.4215728847418448
0.4554729626764255
0.47608716623505876
0.48160181528802515
0.47114240428291254
0.44473933886580186
0.40319678015220173
0.347952801359916
0.2809504238843233
0.20451561849357636
0.1212478540406796
0.03393273796912059
-0.05451782716370768
-0.14114031304495234
-0.22302524633962498
-0.29742018085197036
-0.36182444472256114
-0.4140737428134402
-0.4524127123304245
-0.4755535644447723
-0.48271909925294265
-0.47366870595262345
-0.4487064386272387
-0.4086708377689165
-0.3549067953969831
-0.2892203914554126
-0.21381822221363855
-0.13123326911296831
-0.044239804681456635
0.04423980468145618
0.1312332691129679
0.2138182222136381
0.28922039145541234
0.35490679539698267
0.40867083776891605
0.4487064386272381
0.4736687059526229
0.4827190992529419
0.47555356444477154
0.45241271233042357
0.4140737428134396
0.3618244447225606
0.2974201808519702
0.22302524633962506
0.1411403130449528
0.054517827163708545
-0.03393273796911935
-0.12124785404067802
-0.20451561849357475
-0.2809504238843213
-0.3479528013599138
-0.40319678015219956
-0.4447393388657994
-0.47114240428291015
-0.48160181528802326
-0.47608716623505665
-0.4554729626764235
-0.42157288474184273
-0.3770515679955363
-0.3252370494495903
-0.2698623953249136
6.690876345713007
-0.3117899345701628
-0.3651685168790264
-0.4088337013656714
-0.43791621705931644
-0.4485328737363203
-0.4381744759629215
-0.4059595606729695
-0.3527113217651886
-0.28082714397227654
-0.1939805222160431
-0.09678213975837495
0.005564294666190082
0.10760580464731859
0.203964055654611
0.2896148476141415
0.36010537781645324
0.4117569837222064
0.44186674132523124
0.4488563272944986
0.4323577520625289
0.3932333508819791
0.33353036287092597
0.25637329424984684
0.16580005451516047
0.06655050607230217
-0.036181571595635835
-0.13702021399112504
-0.23068854487883406
-0.312284895169697
-0.3775393104112032
-0.4230370072338105
-0.44639707583562277
-0.4463970758356227
-0.4230370072338102
-0.37753931041120276
-0.31228489516969643
-0.23068854487883336
-0.1370202139911243
-0.03618157159563497
0.06655050607230309
0.16580005451516155
0.25637329424984795
0.33353036287092697
0.39323335088198025
0.4323577520625302
0.44885632729449987
0.4418667413252323
0.4117569837222074
0.360105377816454
0.289614847614142
0.20396405565461104
0.1076058046473186
0.005564294666189858
-0.09678213975837595
-0.19398052221604453
-0.2808271439722777
-0.3527113217651897
-0.4059595606729707
-0.43817447596292236
-0.4485328737363209
-0.43791621705931655
-0.4088337013656715
-0.36516851687902596
-0.31178993457016296
5.618653797065837
0.3393557122275137
0.383160144578405
0.40973850479238744
0.41385498308184143
0.39226399106174215
0.34417665375744927
0.27146608579162035
0.17855818131918727
0.07198209787845297
-0.04034246389485474
-0.14988414011724224
-0.24826647765110568
-0.32798292004481744
-0.3830054276252868
-0.409231411998856
-0.40473146607987515
-0.3698559579723449
-0.30722210615955864
-0.22152784335733108
-0.11920332593286152
-0.007929021248417448
0.10394144774551335
0.20800920939352296
0.2964611834908575
0.36265681817020506
0.4016265888394389
0.41044497508192235
0.388450009092136
0.3372929434905575
0.2608142940571343
0.16475553628909995
0.05632808518624077
-0.0563280851862412
-0.16475553628910022
-0.2608142940571344
-0.3372929434905572
-0.38845000909213534
-0.41044497508192146
-0.4016265888394376
-0.36265681817020357
-0.29646118349085576
-0.20800920939352138
-0.1039414477455121
0.007929021248418329
0.11920332593286206
0.22152784335733103
0.30722210615955825
0.36985595797234405
0.4047314660798743
0.40923141199885515
0.38300542762528594
0.32798292004481694
0.24826647765110535
0.1498841401172422
0.04034246389485514
-0.07198209787845247
-0.17855818131918705
-0.27146608579161985
-0.3441766537574485
-0.3922639910617409
-0.41385498308184043
-0.40973850479238694
-0.3831601445784044
-0.3393557122275132
4.55615188476722
-0.35206360736494824
-0.37968471048032687
-0.3824826300880763
-0.3561979101994532
-0.2999388511443012
-0.2165319106771586
-0.11240216495160249
0.0030524186069808574
0.1185723394912514
0.22246412566016213
0.30401618638620215
0.3547383587860261
0.36932587193582955
0.34624935423988434
0.287898811638251
0.2002620371909714
0.0922683589286979
-0.025099961006309204
-0.1399105060084609
-0.2404889951971509
-0.31660604194705544
-0.36051873906076365
-0.367759473582497
-0.3375911017917072
-0.273082151102758
-0.18079460004711725
-0.07011621286937302
0.047694519719679536
0.1606536484236638
0.2572707754313598
0.327717851151494
0.3648288863700744
0.3648288863700744
0.3277178511514937
0.2572707754313595
0.16065364842366348
0.04769451971967929
-0.07011621286937338
-0.1807946000471177
-0.27308215110275846
-0.3375911017917077
-0.3677594735824977
-0.3605187390607642
-0.3166060419470561
-0.24048899519715128
-0.13991050600846114
-0.02509996100630928
0.09226835892869811
0.2002620371909719
0.28789881163825165
0.34624935423988495
0.3693258719358306
0.3547383587860269
0.30401618638620315
0.22246412566016288
0.11857233949125195
0.003052418606981002
-0.11240216495160274
-0.2165319106771592
-0.2999388511443023
-0.35619791019945446
-0.3824826300880776
-0.37968471048032787
-0.35206360736494924
3.5613032635648683
0.35037948265813346
0.35697748657984135
0.3325644536170844
0.2755671904674758
0.18926607637295922
0.08165448959674776
-0.03543080285570233
-0.14785548998326115
-0.24126007495077803
-0.30331188699511585
-0.32560807071203135
-0.30495959986397386
-0.24392588487991526
-0.15053032031112937
-0.0371791866422962
0.08107931232691035
0.18860066656672422
0.27118235698427867
0.31792087762753884
0.32264565119585975
0.28473407660404915
0.20919568114624953
0.10601192506771573
-0.011181894724934974
-0.1268983908421427
-0.22584501606647775
-0.29494532819108427
-0.32506727693064863
-0.312230078557293
-0.25813024895894027
-0.16991735163127294
-0.05924912760880319
0.05924912760880229
0.16991735163127225
0.25813024895893993
0.312230078557293
0.3250672769306491
0.29494532819108515
0.22584501606647875
0.12689839084214388
0.01118189472493595
-0.10601192506771488
-0.20919568114624879
-0.28473407660404865
-0.3226456511958595
-0.31792087762753873
-0.2711823569842788
-0.18860066656672447
-0.0810793123269107
0.037179186642295824
0.15053032031112915
0.24392588487991468
0.3049595998639736
0.3256080707120313
0.3033118869951157
0.24126007495077803
0.14785548998326156
0.035430802855702444
-0.08165448959674777
-0.18926607637295972
-0.2755671904674758
-0.3325644536170846
-0.3569774865798404
-0.3503794826581334
2.6774128290759576
-0.3356568706098726
-0.31873799856536156
-0.26743956593586043
-0.1845662576144736
-0.07889869859361719
0.035947457344466395
0.1435843831031989
0.2275748885905886
0.27443232660440464
0.2763044147939349
0.23260293032275625
0.15029663437282456
0.042876180825479296
-0.07183405792533788
-0.17467301963431936
-0.24845843388973607
-0.28091010042334386
-0.2666475735630947
-0.208056923128847
-0.11488543267606399
-0.0026219309135248497
0.11007447484505523
0.20447316389467435
0.2648841391329613
0.281265947172373
0.25089524882132286
0.17881998531274532
0.07702054548469334
-0.037581644039421866
-0.14593695604930285
-0.23003414179293674
-0.2758942505885294
-0.2758942505885295
-0.23003414179293713
-0.1459369560493034
-0.037581644039422366
0.07702054548469278
0.17881998531274518
0.25089524882132297
0.28126594717237346
0.2648841391329619
0.20447316389467515
0.11007447484505604
-0.002621930913524173
-0.11488543267606356
-0.20805692312884697
-0.2666475735630949
-0.28091010042334424
-0.24845843388973668
-0.1746730196343198
-0.07183405792533869
0.04287618082547894
0.15029663437282412
0.23260293032275625
0.27630441479393514
0.27443232660440475
0.22757488859058925
0.14358438310319943
0.03594745734446692
-0.07889869859361698
-0.18456625761447357
-0.2674395659358609
-0.3187379985653613
-0.3356568706098732
1.930950362991334
0.30999591007575944
0.2696941975713491
0.19548207299207337
0.09573832759708496
-0.014996409730111505
-0.11865178185018749
-0.19710306327016014
-0.2358898006063112
-0.22751080689632924
-0.17350125740244918
-0.08449874930858536
0.021712397149344972
0.12369603889483291
0.200681082465195
0.2368467006689308
0.2247130958537403
0.16674253718285637
0.07477216517797364
-0.03243601185733424
-0.133027963293722
-0.2065076287622748
-0.23790716095120748
-0.2208323905821741
-0.1587640050260817
-0.0643485555635661
0.04317737950933633
0.14190587693203832
0.21172110901510707
0.23839804839602236
0.2165010601159339
0.15049157640380634
0.05381911367066911
-0.05381911367066777
-0.15049157640380534
-0.21650106011593337
-0.23839804839602244
-0.2117211090151078
-0.1419058769320395
-0.04317737950933755
0.06434855556356489
0.15876400502608082
0.22083239058217377
0.23790716095120762
0.20650762876227519
0.13302796329372257
0.0324360118573348
-0.07477216517797304
-0.16674253718285603
-0.22471309585374033
-0.23684670066893113
-0.20068108246519484
-0.12369603889483317
-0.021712397149345232
0.08449874930858503
0.17350125740244926
0.22751080689632924
0.23588980060631112
0.19710306327016053
0.11865178185018782
0.014996409730111833
-0.09573832759708487
-0.1954820729920737
-0.26969419757134977
-0.3099959100757597
1.3317678163788447
-0.27604927683964225
-0.21507906188728937
-0.12487707706377417
-0.01966054601501172
0.08142911418338171
0.15868723371802335
0.19646104446503557
0.1870404948254306
0.13299463247897025
0.047221334807024576
-0.04977352834960306
-0.1346719829222962
-0.18691907942278174
-0.19370693256715635
-0.15318514326871704
-0.07512690832660612
0.021376177098949574
0.11268158549761181
0.17642948571204395
0.1970205185244326
0.16942278413459555
0.10039216418540477
0.006814064203641901
-0.08842723403734576
-0.16204335822669946
-0.19603469315057553
-0.1820905049734567
-0.12362079178696322
-0.03492275614507963
0.062314801171186616
0.14431475504332963
0.19102583450914934
0.19102583450914948
0.14431475504333002
0.062314801171187074
-0.03492275614507913
-0.12362079178696257
-0.18209050497345636
-0.19603469315057545
-0.1620433582266997
-0.08842723403734619
0.006814064203641309
0.1003921641854041
0.1694227841345949
0.19702051852443217
0.17642948571204398
0.1126815854976121
0.021376177098949997
-0.07512690832660575
-0.15318514326871654
-0.19370693256715624
-0.18691907942278194
-0.13467198292229646
-0.0497735283496036
0.047221334807023854
0.1329946324789699
0.18704049482543025
0.196461044465036
0.15868723371802348
0.08142911418338196
-0.01966054601501186
-0.12487707706377468
-0.21507906188728926
-0.2760492768396416
