6 0.99 80.0
50.92227406156821
-0.26777176006221914
-0.2795360027177742
-0.2914782456055605
-0.303583696801958
-0.3158372797572977
-0.32822366984992263
-0.34072733122953514
-0.35333255386056006
-0.36602349067277223
-0.3787841947231713
-0.3915986562700597
-0.4044508396575024
-0.41732471990579467
-0.4302043189012843
-0.44307374107684044
-0.4559172084724853
-0.46871909506415654
-0.48146396024729105
-0.49413658136088384
-0.5067219851368824
-0.5192054779592332
-0.5315726748165845
-0.5438095268325653
-0.5559023472577016
-0.567837835807391
-0.5796031012309072
-0.5911856819971691
-0.6025735649839434
-0.6137552020582631
-0.6247195244371213
-0.6354559547189097
-0.6459544164776363
-0.6562053413136314
-0.6661996732562254
-0.6759288704157662
-0.6853849037842896
-0.6945602530861638
-0.7034478995820999
-0.7120413157319977
-0.7203344516242058
-0.7283217180808772
-0.7359979664017139
-0.7433584659501352
-0.7503988826658714
-0.7571152594829034
-0.7635039984204537
-0.7695618441176274
-0.7752858686260331
-0.7806734567014539
-0.7857222854810039
-0.7904302990518587
-0.7947956843790154
-0.7988168491515347
-0.8024924014747432
-0.8058211313482005
-0.8088019938796444
-0.8114340941938406
-0.8137166740026323
-0.8156490998086786
-0.817230852720595
-0.8184615198616607
-0.8193407873580043
-0.819868434895447
-0.8200443318369905
-0.819868434895447
-0.8193407873580042
-0.8184615198616605
-0.8172308527205949
-0.8156490998086781
-0.8137166740026323
-0.8114340941938398
-0.8088019938796436
-0.8058211313481997
-0.8024924014747422
-0.7988168491515341
-0.794795684379014
-0.7904302990518578
-0.7857222854810026
-0.7806734567014529
-0.7752858686260314
-0.7695618441176263
-0.7635039984204522
-0.7571152594829021
-0.7503988826658702
-0.7433584659501339
-0.7359979664017123
-0.7283217180808758
-0.720334451624204
-0.712041315731996
-0.7034478995820984
-0.694560253086162
-0.685384903784288
-0.6759288704157649
-0.6661996732562236
-0.6562053413136297
-0.6459544164776347
-0.635455954718908
-0.6247195244371198
-0.6137552020582614
-0.6025735649839417
-0.5911856819971678
-0.5796031012309056
-0.5678378358073896
-0.5559023472577
-0.5438095268325641
-0.5315726748165832
-0.519205477959232
-0.5067219851368813
-0.4941365813608828
-0.4814639602472898
-0.46871909506415554
-0.4559172084724844
-0.44307374107683956
-0.43020431890128347
-0.4173247199057941
-0.4044508396575017
-0.391598656270059
-0.37878419472317065
-0.36602349067277185
-0.35333255386055956
-0.34072733122953475
-0.32822366984992235
-0.3158372797572975
-0.3035836968019585
-0.29147824560556135
-0.27953600271777346
-0.267771760062219
37.448186531481774
0.4591443644525823
0.47490080501331744
0.49048261294648354
0.5058416428656665
0.5209297617952845
0.5356989912625155
0.550101649646011
0.5640904943910009
0.5776188636907158
0.5906408172255188
0.603111275543787
0.6149861576624307
0.6262225164599821
0.6367786714314488
0.6466143383716146
0.6556907555521841
0.6639708059580889
0.6714191351494637
0.6780022643181389
0.683688698111123
0.6884490267983043
0.6922560223675884
0.6950847281378014
0.6969125414879762
0.6977192893110212
0.6974872958102452
0.6962014422687601
0.6938492184343258
0.6904207651757568
0.6859089080814899
0.6803091816863105
0.6736198440284709
0.6658418812564895
0.6569790020227272
0.6470376214193447
0.6360268342314009
0.6239583773015873
0.6108465808213839
0.596708308384148
0.5815628856567994
0.5654320175482644
0.5483396938923921
0.5303120865744433
0.5113774454020563
0.4915659950580244
0.4709098326355619
0.44944282527666957
0.4272005075494911
0.4042199797318244
0.3805398209310404
0.3562000156432581
0.3312418784188105
0.30570797515737985
0.27964204111149443
0.25308889571822696
0.22609435441469175
0.19870513762397765
0.17096877712504174
0.1429335200432979
0.11464823071849671
0.0861622907233488
0.05752549732039479
0.028787960656080802
-2.2654686888975884e-17
-0.028787960656080816
-0.057525497320394796
-0.08616229072334876
-0.1146482307184967
-0.14293352004329782
-0.17096877712504174
-0.19870513762397757
-0.22609435441469172
-0.2530888957182268
-0.27964204111149443
-0.30570797515737974
-0.33124187841881025
-0.3562000156432581
-0.3805398209310403
-0.40421997973182433
-0.42720050754949085
-0.44944282527666957
-0.4709098326355618
-0.4915659950580242
-0.5113774454020562
-0.5303120865744428
-0.5483396938923918
-0.5654320175482641
-0.581562885656799
-0.5967083083841475
-0.6108465808213835
-0.6239583773015867
-0.6360268342314006
-0.6470376214193446
-0.6569790020227266
-0.665841881256489
-0.6736198440284704
-0.68030918168631
-0.6859089080814892
-0.6904207651757562
-0.6938492184343256
-0.6962014422687596
-0.6974872958102446
-0.6977192893110208
-0.696912541487976
-0.695084728137801
-0.692256022367588
-0.6884490267983037
-0.6836886981111222
-0.6780022643181381
-0.671419135149463
-0.6639708059580883
-0.6556907555521834
-0.6466143383716144
-0.6367786714314482
-0.6262225164599816
-0.6149861576624301
-0.6031112755437863
-0.5906408172255182
-0.5776188636907154
-0.5640904943910005
-0.5501016496460106
-0.5356989912625152
-0.520929761795284
-0.5058416428656667
-0.4904826129464837
-0.4749008050133163
-0.45914436445258183
22.23977276577821
0.5299842935347955
0.5392342676433051
0.5474863581064968
0.5546703972093177
0.560719944470483
0.5655726188409274
0.5691704172112795
0.5714600177990201
0.5723930670178483
0.5719264484704333
0.5700225327510727
0.5666494067966606
0.5617810815826365
0.5553976770250402
0.5474855830201918
0.5380375956296058
0.5270530274992189
0.5145377916885607
0.5005044581767596
0.484972282407875
0.46796720533760094
0.4495218245464407
0.4296753360905982
0.40847344687056597
0.3859682574082898
0.36221811503628343
0.3372874376157405
0.3112465080149362
0.28417123969359
0.25614291385275834
0.2272478887228067
0.19757728167343294
0.16722662493915727
0.1362954958605404
0.10488712264517817
0.07310796675272366
0.04106728310428836
0.008876659408130368
-0.023350464019966526
-0.05549929248218267
-0.08745419163547098
-0.1190992169073861
-0.15031865008445527
-0.18099752715614242
-0.21102215138699973
-0.24028059120261266
-0.2686631624540961
-0.29606289442639366
-0.32237598163271575
-0.3475022484023893
-0.3713456231909751
-0.3938145917844937
-0.41482262532658826
-0.43428858203055576
-0.4521370814589694
-0.4682988502906106
-0.48271103854557385
-0.49531750530299234
-0.5060690730202357
-0.5149237496462561
-0.5218469178136573
-0.5268114904928531
-0.5297980325961584
-0.5307948481287591
-0.5297980325961587
-0.5268114904928533
-0.5218469178136572
-0.5149237496462561
-0.5060690730202357
-0.49531750530299234
-0.48271103854557385
-0.4682988502906104
-0.45213708145896936
-0.4342885820305557
-0.4148226253265882
-0.3938145917844934
-0.371345623190975
-0.34750224840238897
-0.3223759816327157
-0.2960628944263934
-0.2686631624540959
-0.2402805912026125
-0.21102215138699956
-0.18099752715614228
-0.15031865008445497
-0.1190992169073857
-0.08745419163547073
-0.05549929248218248
-0.023350464019966287
0.008876659408130448
0.04106728310428859
0.0731079667527239
0.10488712264517842
0.13629549586054046
0.16722662493915752
0.19757728167343291
0.22724788872280696
0.25614291385275856
0.28417123969359
0.31124650801493636
0.3372874376157405
0.36221811503628376
0.3859682574082897
0.40847344687056597
0.42967533609059816
0.4495218245464408
0.46796720533760067
0.48497228240787466
0.5005044581767593
0.5145377916885605
0.5270530274992187
0.5380375956296056
0.5474855830201913
0.5553976770250396
0.5617810815826358
0.5666494067966601
0.570022532751072
0.5719264484704322
0.5723930670178472
0.571460017799019
0.5691704172112785
0.5655726188409267
0.560719944470482
0.5546703972093158
0.5474863581064938
0.5392342676433033
0.5299842935347953
10.533212685525768
-0.48396568945242335
-0.48012008058387534
-0.4746333531521861
-0.4674750553892691
-0.45862614133499585
-0.44807914944860966
-0.43583831234233567
-0.42191959655915323
-0.4063506717044879
-0.38917080863794423
-0.37043070683353996
-0.35019225142263705
-0.32852820084017015
-0.30552180639919385
-0.2812663655185188
-0.25586471072065575
-0.22942863689979745
-0.2020782697296487
-0.17394137843603363
-0.14515263649703844
-0.11585283415167798
-0.08618804689454869
-0.05630876440663834
-0.02636898461948935
0.0034747221704388605
0.033064174029698294
0.06224055769021962
0.09084542302949927
0.11872168623576831
0.14571463610247667
0.17167293786755286
0.19644962901844348
0.21990310152399542
0.2418980650288788
0.2623064856551349
0.28100849519816173
0.2978932656803252
0.31285984443351905
0.32581794512130796
0.33668869038048704
0.3454053020594769
0.35191373491388517
0.3561732391595575
0.358156821832275
0.35785159716322107
0.35525902773923673
0.35039505864470877
0.3432901468564008
0.3339891827277304
0.32255125096074444
0.3090492367304735
0.2935693378011804
0.2762104922945288
0.2570837264345689
0.23631142691508605
0.21402654285373632
0.19037172260837137
0.165498391028855
0.13956577299787867
0.11273986937278183
0.08519239167380012
0.057099662069486114
0.02864148538484874
-2.0214581602668125e-16
-0.02864148538484924
-0.05709966206948631
-0.08519239167380048
-0.11273986937278194
-0.1395657729978788
-0.1654983910288554
-0.19037172260837174
-0.2140265428537366
-0.23631142691508614
-0.25708372643456906
-0.2762104922945292
-0.2935693378011804
-0.30904923673047374
-0.3225512509607445
-0.3339891827277308
-0.34329014685640097
-0.350395058644709
-0.35525902773923695
-0.3578515971632213
-0.358156821832275
-0.3561732391595575
-0.35191373491388495
-0.3454053020594769
-0.33668869038048704
-0.3258179451213078
-0.31285984443351916
-0.297893265680325
-0.28100849519816146
-0.2623064856551348
-0.24189806502887887
-0.2199031015239953
-0.1964496290184433
-0.17167293786755278
-0.14571463610247637
-0.11872168623576813
-0.09084542302949886
-0.06224055769021933
-0.033064174029697954
-0.003474722170438524
0.02636898461948962
0.056308764406638345
0.08618804689454904
0.11585283415167821
0.1451526364970386
0.17394137843603394
0.20207826972964907
0.22942863689979776
0.255864710720656
0.281266365518519
0.30552180639919396
0.3285282008401703
0.35019225142263705
0.3704307068335399
0.3891708086379441
0.4063506717044877
0.421919596559153
0.4358383123423358
0.4480791494486094
0.4586261413349954
0.4674750553892692
0.47463335315218524
0.4801200805838746
0.4839656894524235
3.9274834320342196
0.36425148366708815
0.3484219426026652
0.33110328497947383
0.3123592899723896
0.2922710962744104
0.27093620811708974
0.24846737072142966
0.2249913250098523
0.2006474524273168
0.17558632164209273
0.14996814971608888
0.12396119104340664
0.09774006794781413
0.07148405729985592
0.04537534785820058
0.019597283254576818
-0.00566739437461165
-0.030238285154867248
-0.05393904186245466
-0.07659903546840784
-0.09805496180618478
-0.11815237588997843
-0.1367471410871097
-0.15370678113621222
-0.16891172389600764
-0.18225642669946854
-0.19365037426620615
-0.20301894128247633
-0.21030411298299634
-0.2154650583509613
-0.21847855188088933
-0.2193392412115407
-0.21805975932103827
-0.21467068137139342
-0.20922032768256724
-0.20177441569482404
-0.1924155651303838
-0.18124266187945998
-0.16837008740025491
-0.15392682162640642
-0.13805542850833039
-0.12091093347613902
-0.10265958128734508
-0.08347743245479924
-0.06354879927492657
-0.043064546215736174
-0.022220279746514016
-0.0012144521270132222
0.019753585191723568
0.04048543939346587
0.060785424189842646
0.0804622921897485
0.09933094336673472
0.11721409064471469
0.13394386451614426
0.14936333959500686
0.16332796709179837
0.17570689837878975
0.18638418608853563
0.19525985055212394
0.20225080082951255
0.20729160110453285
0.2103350748023984
0.2113527404274718
0.21033507480239852
0.20729160110453265
0.20225080082951274
0.19525985055212441
0.18638418608853574
0.17570689837878986
0.16332796709179914
0.1493633395950071
0.1339438645161447
0.11721409064471555
0.09933094336673498
0.08046229218974901
0.06078542418984334
0.04048543939346639
0.01975358519172412
-0.001214452127013
-0.02222027974651351
-0.043064546215735446
-0.06354879927492622
-0.08347743245479897
-0.10265958128734481
-0.12091093347613849
-0.13805542850833058
-0.1539268216264061
-0.16837008740025503
-0.18124266187945975
-0.19241556513038394
-0.20177441569482413
-0.20922032768256726
-0.21467068137139356
-0.2180597593210387
-0.21933924121154078
-0.21847855188088994
-0.21546505835096152
-0.21030411298299698
-0.20301894128247677
-0.19365037426620704
-0.18225642669946923
-0.1689117238960081
-0.15370678113621258
-0.13674714108711064
-0.11815237588997908
-0.09805496180618566
-0.07659903546840868
-0.05393904186245482
-0.03023828515486772
-0.00566739437461227
0.019597283254576284
0.04537534785820035
0.07148405729985587
0.0977400679478144
0.12396119104340657
0.14996814971608893
0.1755863216420932
0.20064745242731716
0.2249913250098528
0.24846737072143016
0.2709362081170914
0.2922710962744112
0.31235928997239065
0.33110328497947517
0.34842194260266707
0.36425148366709015
1.1650420963912107
-0.22777818047608206
-0.20750366144218482
-0.18658171553963598
-0.16513902843561232
-0.14332023875060343
-0.12128473379730922
-0.09920338327665211
-0.07725524813383039
-0.055624302110997864
-0.03449620333231099
-0.014055152530830202
0.0055191267092453205
0.024054252045468714
0.04138785933898504
0.05737006362744734
0.07186567824421525
0.08475616955178289
0.09594132838032006
0.10534064312235648
0.11289436347616917
0.11856424799560997
0.12233399283400483
0.12420934330520976
0.12421789406729354
0.12240858780638378
0.11885092620496372
0.11363391066820998
0.10686473370544662
0.09866724497735184
0.0891802187840401
0.0785554521507828
0.06695572463911946
0.054552652549662434
0.04152447127389836
0.028053780187024594
0.014325284650412154
0.0005235694153028095
-0.013169063000053412
-0.02657465653201889
-0.039521537510256166
-0.05184609335073879
-0.06339436917649349
-0.07402350594061596
-0.08360310989319154
-0.09201655238876903
-0.09916215232720717
-0.10495419830322482
-0.10932377407102747
-0.11221938288997148
-0.1136076025873891
-0.11347376108480897
-0.11182237430116157
-0.10867731082172462
-0.10408167701154022
-0.09809742135678279
-0.090804661748663
-0.08230074414402233
-0.07269904550374999
-0.06212753808232644
-0.050727135977022816
-0.03864984830279518
-0.026056766400739555
-0.01311591507947472
-3.325426970837413e-18
0.01311591507947427
0.02605676640073962
0.03864984830279485
0.050727135977022955
0.06212753808232654
0.07269904550374942
0.08230074414402216
0.0908046617486632
0.09809742135678257
0.10408167701154006
0.10867731082172456
0.11182237430116179
0.11347376108480892
0.11360760258738906
0.11221938288997152
0.10932377407102765
0.10495419830322512
0.0991621523272071
0.0920165523887688
0.08360310989319135
0.07402350594061609
0.06339436917649376
0.051846093350739225
0.03952153751025601
0.02657465653201928
0.013169063000053131
-0.0005235694153025674
-0.0143252846504118
-0.028053780187024518
-0.041524471273898474
-0.05455265254966234
-0.06695572463911972
-0.07855545215078251
-0.08918021878403991
-0.09866724497735191
-0.10686473370544612
-0.1136339106682096
-0.11885092620496353
-0.12240858780638351
-0.12421789406729354
-0.1242093433052094
-0.12233399283400467
-0.11856424799560993
-0.1128943634761688
-0.1053406431223568
-0.09594132838032012
-0.08475616955178271
-0.07186567824421547
-0.05737006362744747
-0.041387859338985235
-0.024054252045469106
-0.005519126709245269
0.014055152530830077
0.03449620333231071
0.05562430211099782
0.07725524813383006
0.09920338327665255
0.12128473379730945
0.1433202387506031
0.1651390284356113
0.18658171553963546
0.20750366144218366
0.22777818047608217
