4 0.99 120.0
69.54805625555149
-0.41389652143300026
-0.4252585331790152
-0.43668920008460455
-0.4481796203398923
-0.45972080059048764
-0.47130366607161334
-0.48291907083550034
-0.49455780806231137
-0.5062106203055852
-0.5178682082879519
-0.5295212383248458
-0.5411603498201584
-0.5527761629641036
-0.5643592866190228
-0.5759003263785655
-0.5873898927853929
-0.5988186096922785
-0.610177122751222
-0.621456108014957
-0.6326462806349942
-0.643738403640152
-0.6547232967793128
-0.6655918454119863
-0.6763350094300927
-0.6869438321942513
-0.6974094494677269
-0.7077230983311097
-0.7178761260607037
-0.7278599989535576
-0.7376663110820308
-0.7472867929607768
-0.7567133201090385
-0.7659379214911783
-0.7749527878184405
-0.7837502796950103
-0.7923229355915675
-0.800663479629652
-0.8087648291603469
-0.816620102120977
-0.8242226241537441
-0.8315659354705062
-0.8386437974481825
-0.8454501989396241
-0.8519793622851504
-0.8582257490103784
-0.8641840651964253
-0.8698492665090773
-0.8752165628740703
-0.8802814227862468
-0.8850395772410156
-0.8894870232772828
-0.8936200271218151
-0.8974351269258867
-0.9009291350860104
-0.9040991401416121
-0.9069425082436586
-0.9094568841895111
-0.9116401920206645
-0.9134906351815673
-0.9150066962393838
-0.9161871361664407
-0.9170309931966956
-0.9175375814567391
-0.9177064898618793
-0.9175375814567395
-0.9170309931966957
-0.9161871361664405
-0.9150066962393838
-0.9134906351815671
-0.9116401920206647
-0.9094568841895112
-0.906942508243659
-0.9040991401416125
-0.9009291350860108
-0.8974351269258869
-0.8936200271218154
-0.8894870232772834
-0.8850395772410159
-0.8802814227862471
-0.8752165628740706
-0.8698492665090779
-0.8641840651964262
-0.8582257490103791
-0.8519793622851511
-0.8454501989396247
-0.8386437974481832
-0.8315659354705068
-0.8242226241537448
-0.8166201021209775
-0.8087648291603476
-0.8006634796296525
-0.7923229355915682
-0.7837502796950111
-0.7749527878184409
-0.7659379214911793
-0.7567133201090394
-0.747286792960778
-0.7376663110820318
-0.7278599989535588
-0.7178761260607049
-0.707723098331111
-0.6974094494677279
-0.6869438321942525
-0.6763350094300941
-0.6655918454119872
-0.6547232967793138
-0.6437384036401529
-0.6326462806349953
-0.6214561080149583
-0.6101771227512235
-0.5988186096922797
-0.587389892785394
-0.5759003263785666
-0.5643592866190243
-0.552776162964105
-0.5411603498201598
-0.529521238324847
-0.5178682082879533
-0.5062106203055864
-0.49455780806231253
-0.4829190708355015
-0.4713036660716147
-0.45972080059048903
-0.4481796203398934
-0.43668920008460727
-0.42525853317901574
-0.4138965214330012
38.535590625052315
0.6122468264419232
0.6215393127720763
0.6304399098501422
0.6389240677610276
0.6469677189035395
0.6545473227201307
0.6616399097294786
0.6682231247843812
0.674275269852887
0.6797753499609394
0.6847031220268932
0.6890391426231516
0.6927648142029887
0.6958624297170458
0.698315215545579
0.7001073726742514
0.7012241160431315
0.7016517120005499
0.701377513795607
0.7003899950453721
0.6986787811152044
0.6962346783531191
0.6930497011217374
0.689117096574068
0.6844313671222014
0.6789882905508821
0.6727849377309547
0.6658196878907242
0.658092241406446
0.6496036300763577
0.6403562248459449
0.6303537409554446
0.6196012404839516
0.608105132267874
0.5958731691749035
0.5829144427180635
0.569239374997842
0.5548597079637985
0.5397884899904413
0.5240400597655115
0.5076300274921239
0.490575253409462
0.47289382363990407
0.4546050233735487
0.4357293074041049
0.4162882680329757
0.39630460036112375
0.37580206499089014
0.3548054481623566
0.33334051935108344
0.3114339863560689
0.2891134479085538
0.2664073438338243
0.24334490279938395
0.21995608768377042
0.19627153860084198
0.17232251361449755
0.14814082717849705
0.12375878633527224
0.09920912470626884
0.07452493430443502
0.04973959521704521
0.024886703702281087
3.8140487594221414e-16
-0.02488670370228013
-0.04973959521704428
-0.0745249343044341
-0.09920912470626796
-0.12375878633527135
-0.14814082717849622
-0.1723225136144965
-0.19627153860084107
-0.21995608768376945
-0.24334490279938323
-0.2664073438338237
-0.28911344790855303
-0.3114339863560681
-0.33334051935108266
-0.35480544816235576
-0.3758020649908895
-0.3963046003611233
-0.4162882680329751
-0.43572930740410454
-0.4546050233735484
-0.47289382363990357
-0.49057525340946184
-0.5076300274921237
-0.5240400597655113
-0.5397884899904409
-0.5548597079637982
-0.5692393749978419
-0.5829144427180634
-0.5958731691749033
-0.6081051322678742
-0.6196012404839516
-0.630353740955445
-0.640356224845945
-0.6496036300763578
-0.6580922414064463
-0.6658196878907245
-0.6727849377309552
-0.6789882905508828
-0.6844313671222018
-0.6891170965740688
-0.693049701121738
-0.69623467835312
-0.6986787811152051
-0.700389995045373
-0.7013775137956079
-0.7016517120005509
-0.7012241160431321
-0.7001073726742523
-0.6983152155455798
-0.6958624297170469
-0.6927648142029899
-0.689039142623153
-0.6847031220268944
-0.6797753499609407
-0.6742752698528881
-0.6682231247843822
-0.6616399097294797
-0.6545473227201319
-0.6469677189035407
-0.6389240677610294
-0.6304399098501428
-0.6215393127720785
-0.612246826441924
14.246669362904234
0.5490214914111442
0.5451963527735543
0.5405160117031811
0.5349705991030922
0.5285530895131282
0.521259333301812
0.5130880812962623
0.504041001769317
0.4941226887929362
0.483340652691645
0.47170529284606805
0.4592298622901134
0.44593042509175435
0.43182580659222386
0.4169375365970688
0.4012897856309685
0.3849092943864571
0.3678252965146603
0.3500694349238016
0.33167567176852164
0.31268019232992095
0.2931213030026487
0.27303932362127453
0.2524764743735453
0.23147675756291625
0.21008583449690552
0.18835089779133438
0.16632053939332053
0.14404461463799295
0.12157410266523162
0.09896096353329868
0.07625799237599061
0.05351867095887443
0.030797016998268464
0.00814743161388039
-0.014375454707628531
-0.036716937255357865
-0.058822392955765135
-0.08063743656198694
-0.10210807677687012
-0.12318087191368803
-0.14380308469738018
-0.16392283580884223
-0.18348925577531658
-0.20245263481122855
-0.22076457021589718
-0.2383781109373284
-0.25524789891478566
-0.2713303068169295
-0.28658357179700855
-0.3009679248917683
-0.31444571569638696
-0.32698153195372903
-0.33854231370246735
-0.349097461635049
-0.3586189393229414
-0.36708136897300125
-0.37446212038497095
-0.3807413927858943
-0.38590228922248354
-0.38993088319690505
-0.39281627718591866
-0.3945506514771844
-0.3951292999386545
-0.39455065147718454
-0.39281627718591855
-0.3899308831969051
-0.3859022892224835
-0.38074139278589436
-0.3744621203849708
-0.36708136897300153
-0.3586189393229413
-0.3490974616350492
-0.3385423137024677
-0.3269815319537289
-0.314445715696387
-0.3009679248917686
-0.2865835717970089
-0.2713303068169298
-0.2552478989147854
-0.2383781109373287
-0.22076457021589735
-0.20245263481122866
-0.18348925577531663
-0.16392283580884234
-0.14380308469738035
-0.12318087191368818
-0.10210807677687037
-0.08063743656198719
-0.05882239295576509
-0.03671693725535796
-0.01437545470762869
0.008147431613879786
0.03079701699826841
0.05351867095887403
0.07625799237599046
0.09896096353329861
0.12157410266523139
0.1440446146379925
0.16632053939332
0.1883508977913341
0.21008583449690524
0.23147675756291572
0.252476474373545
0.27303932362127414
0.29312130300264816
0.31268019232992067
0.3316756717685212
0.35006943492380127
0.36782529651465995
0.38490929438645655
0.4012897856309676
0.416937536597068
0.43182580659222325
0.4459304250917537
0.4592298622901128
0.4717052928460675
0.4833406526916443
0.4941226887929356
0.5040410017693162
0.5130880812962615
0.5212593333018113
0.528553089513127
0.534970599103091
0.5405160117031803
0.5451963527735536
0.549021491411144
3.5475722850048013
-0.34905615576171595
-0.33500559134942864
-0.3203505854639712
-0.3051210441463698
-0.2893511146650225
-0.2730789079807167
-0.2563462054540773
-0.23919815103113704
-0.22168293265548927
-0.2038514786619315
-0.18575717067339703
-0.16745555033827525
-0.14900401883273637
-0.130461530466099
-0.11188828175033858
-0.09334539731178117
-0.07489461403381768
-0.056597964823994984
-0.03851746339712874
-0.02071479145809053
-0.0032509896537073085
0.013813846357183308
0.030420863392968955
0.0465127405077055
0.062033969767004815
0.07693112683361851
0.09115313020447027
0.10465148799571378
0.11738053123225292
0.12929763266286
0.1403634101912574
0.15054191408701964
0.15980079721759968
0.1681114676238588
0.17544922284585482
0.18179336549299704
0.18712729964260763
0.1914386077431482
0.1947191077924443
0.1969648906568748
0.1981763374942527
0.19835811734072706
0.19751916502004208
0.1956726396316387
0.19283586397195546
0.18903024534064447
0.18428117827986656
0.17861792989017927
0.17207350846043243
0.16468451624137578
0.1564909872831067
0.14753621134491268
0.1378665449723353
0.1275312109203357
0.11658208718322872
0.10507348697158511
0.09306193105368785
0.08060591395446917
0.06776566557840503
0.05460290989491786
0.041180622395778625
0.027562787979240038
0.013814157905122448
7.923252449624962e-17
-0.0138141579051225
-0.02756278797923982
-0.041180622395778535
-0.05460290989491799
-0.06776566557840491
-0.08060591395446907
-0.09306193105368811
-0.10507348697158525
-0.11658208718322882
-0.12753121092033562
-0.1378665449723351
-0.14753621134491263
-0.15649098728310684
-0.16468451624137598
-0.17207350846043276
-0.17861792989017977
-0.1842811782798665
-0.18903024534064436
-0.19283586397195554
-0.1956726396316387
-0.1975191650200423
-0.19835811734072706
-0.19817633749425306
-0.19696489065687472
-0.19471910779244436
-0.19143860774314836
-0.18712729964260783
-0.18179336549299718
-0.17544922284585468
-0.168111467623859
-0.15980079721759982
-0.15054191408701956
-0.1403634101912578
-0.12929763266286035
-0.11738053123225264
-0.10465148799571339
-0.0911531302044703
-0.07693112683361854
-0.062033969767004565
-0.04651274050770543
-0.03042086339296894
-0.01381384635718311
0.003250989653707148
0.02071479145809053
0.038517463397128415
0.05659796482399478
0.07489461403381749
0.09334539731178142
0.11188828175033877
0.13046153046609907
0.14900401883273612
0.16745555033827492
0.18575717067339667
0.20385147866193173
0.22168293265548913
0.23919815103113726
0.2563462054540774
0.2730789079807163
0.28935111466502317
0.30512104414636876
0.320350585463971
0.3350055913494289
0.3490561557617157
