5 0.99 100.0
60.85498917964259
-0.34278198299007595
-0.35446800489975755
-0.3662694203271892
-0.37817500399631326
-0.3901733678492738
-0.40225297857576864
-0.4144021753007409
-0.4266091874055283
-0.4388621524567306
-0.4511491342162556
-0.46345814070524244
-0.4757771422938294
-0.4880940897880495
-0.5003969324844904
-0.5126736361627441
-0.524912200985106
-0.537100679272454
-0.5492271931247465
-0.5612799518541352
-0.5732472691982704
-0.5851175802810122
-0.596879458287422
-0.6085216308196193
-0.6200329958998294
-0.6314026375867229
-0.6426198411709717
-0.6536741079157891
-0.6645551693081092
-0.6752530005154791
-0.6857578303446673
-0.6960601478775389
-0.7061507086113955
-0.716020540344416
-0.7256609487635053
-0.7350635226919138
-0.7442201389540885
-0.7531229668153294
-0.761764471954021
-0.7701374199244023
-0.7782348790681122
-0.7860502228330277
-0.7935771314582826
-0.8008095929847089
-0.8077419035504085
-0.814368666931618
-0.8206847932895732
-0.826685497084654
-0.8323662941197171
-0.8377229976752129
-0.8427517136994269
-0.8474488350179801
-0.8518110345453812
-0.8558352579204511
-0.8595187166582482
-0.8628588821723883
-0.8658534805890022
-0.8685004882697746
-0.8707981279736406
-0.87274486559736
-0.8743394074446517
-0.8755806979820402
-0.8764679180472421
-0.8770004834829392
-0.8771780441753239
-0.8770004834829392
-0.8764679180472419
-0.8755806979820403
-0.8743394074446517
-0.8727448655973601
-0.8707981279736405
-0.8685004882697747
-0.8658534805890021
-0.8628588821723884
-0.8595187166582478
-0.855835257920451
-0.8518110345453812
-0.8474488350179797
-0.8427517136994269
-0.8377229976752125
-0.8323662941197166
-0.8266854970846539
-0.820684793289573
-0.8143686669316177
-0.8077419035504083
-0.8008095929847088
-0.7935771314582821
-0.7860502228330275
-0.7782348790681117
-0.7701374199244023
-0.7617644719540204
-0.7531229668153291
-0.7442201389540885
-0.7350635226919136
-0.725660948763505
-0.716020540344416
-0.7061507086113952
-0.6960601478775387
-0.6857578303446672
-0.6752530005154788
-0.6645551693081091
-0.653674107915789
-0.6426198411709718
-0.631402637586723
-0.6200329958998294
-0.6085216308196194
-0.596879458287422
-0.5851175802810122
-0.5732472691982705
-0.5612799518541353
-0.5492271931247463
-0.5371006792724539
-0.524912200985106
-0.5126736361627442
-0.5003969324844905
-0.4880940897880496
-0.47577714229382956
-0.4634581407052427
-0.45114913421625563
-0.43886215245673066
-0.42660918740552856
-0.41440217530074125
-0.40225297857576897
-0.3901733678492741
-0.37817500399631365
-0.36626942032719
-0.3544680048997575
-0.34278198299007656
39.0544875193205
0.5478370393653177
0.5604564416001276
0.5727576784586325
0.584706209216584
0.5962678565602215
0.6074088847708234
0.6180960774270402
0.6282968144605581
0.6379791483986654
0.6471118796257795
0.6556646304948115
0.6636079181184912
0.6709132256703879
0.6775530720254066
0.6835010795699532
0.6887320400128063
0.6932219780289663
0.6969482125703936
0.6998894156795926
0.7020256686444403
0.7033385153354994
0.7038110125702857
0.7034277773525797
0.7021750308388764
0.7000406388884314
0.6970141490581101
0.6930868239083351
0.6882516704918764
0.6825034665837385
0.6758387902604865
0.6682560522633868
0.659755523904501
0.650339359716578
0.6400116147615427
0.6287782565209769
0.6166471713007795
0.6036281650911552
0.5897329588322069
0.574975178044628
0.5593703367943439
0.5429358159693364
0.5256908358563456
0.5076564230145861
0.4888553714530582
0.4693121981274257
0.4490530927817395
0.42810586216948493
0.4064998686974888
0.38426596354509673
0.36143641431970375
0.3380448273181321
0.3141260645157912
0.289716156503874
0.26485221425777805
0.2395723407529454
0.2139155423577736
0.1879216399254212
0.1616311795374897
0.13508534287897514
0.10832585724617314
0.08139490520783205
0.05433503395518012
0.027189064388806913
6.576153631548547e-16
-0.027189064388805802
-0.05433503395517886
-0.08139490520783098
-0.10832585724617197
-0.13508534287897384
-0.16163117953748848
-0.18792163992542013
-0.21391554235777246
-0.2395723407529444
-0.2648522142577766
-0.2897161565038728
-0.31412606451579017
-0.33804482731813096
-0.36143641431970297
-0.3842659635450956
-0.4064998686974878
-0.42810586216948415
-0.44905309278173855
-0.4693121981274248
-0.4888553714530573
-0.5076564230145854
-0.525690835856345
-0.5429358159693355
-0.5593703367943431
-0.5749751780446275
-0.5897329588322061
-0.6036281650911545
-0.6166471713007786
-0.6287782565209763
-0.6400116147615421
-0.6503393597165775
-0.6597555239045004
-0.6682560522633861
-0.6758387902604858
-0.6825034665837378
-0.6882516704918761
-0.6930868239083346
-0.6970141490581098
-0.7000406388884315
-0.7021750308388763
-0.7034277773525794
-0.7038110125702852
-0.7033385153354992
-0.70202566864444
-0.6998894156795923
-0.6969482125703934
-0.6932219780289662
-0.6887320400128063
-0.6835010795699531
-0.6775530720254065
-0.6709132256703878
-0.6636079181184908
-0.6556646304948115
-0.6471118796257791
-0.6379791483986653
-0.628296814460558
-0.6180960774270402
-0.6074088847708232
-0.5962678565602213
-0.584706209216583
-0.572757678458632
-0.5604564416001279
-0.547837039365318
18.4192433565917
0.560497336514887
0.5623770661022286
0.5632597998947898
0.5631125693403165
0.561905899295604
0.5596139355316638
0.5562145611538557
0.5516895015004964
0.5460244171147182
0.539208984417474
0.5312369637442481
0.522106254444249
0.5118189367784544
0.5003813003917323
0.4878038591742283
0.4741013523681764
0.4592927318180812
0.4434011353047103
0.4264538459463721
0.4084822376943674
0.3895217069931691
0.36961159071960237
0.3487950705589646
0.32711906401942664
0.30463410232907634
0.28139419550242484
0.25745668490495277
0.23288208368514568
0.20773390397865538
0.18207845644161705
0.1559846233148043
0.12952362105585213
0.10276875468060273
0.07579516445224321
0.04867956558313547
0.021499981638410104
-0.005664527647607475
-0.03273414341128536
-0.05962856880758432
-0.08626731350252906
-0.11256998073412863
-0.138456556155341
-0.16384769766491789
-0.18866502542665747
-0.21283141127482727
-0.2362712667032371
-0.2589108286376654
-0.2806784421960374
-0.301504839647882
-0.3213234147941244
-0.34007049200014094
-0.35768558903302533
-0.37411167050660926
-0.3892953852134352
-0.403187284829724
-0.41574202391847825
-0.4269185412102645
-0.43668022211038127
-0.4449950423612065
-0.45183569277775976
-0.4571796849713943
-0.46100943797971766
-0.46331234572911817
-0.4640808252686147
-0.4633123457291181
-0.4610094379797174
-0.4571796849713943
-0.4518356927777597
-0.4449950423612064
-0.4366802221103811
-0.42691854121026446
-0.41574202391847825
-0.4031872848297239
-0.389295385213435
-0.37411167050660904
-0.35768558903302533
-0.3400704920001408
-0.3213234147941241
-0.30150483964788183
-0.28067844219603727
-0.25891082863766496
-0.23627126670323678
-0.2128314112748271
-0.1886650254266572
-0.16384769766491766
-0.13845655615534064
-0.1125699807341283
-0.08626731350252884
-0.05962856880758392
-0.03273414341128532
-0.0056645276476073045
0.02149998163841025
0.048679565583135964
0.07579516445224352
0.10276875468060301
0.12952362105585227
0.15598462331480462
0.18207845644161724
0.2077339039786557
0.2328820836851461
0.2574566849049531
0.2813941955024252
0.3046341023290765
0.3271190640194271
0.34879507055896497
0.36961159071960265
0.3895217069931694
0.4084822376943677
0.42645384594637215
0.4434011353047106
0.45929273181808133
0.4741013523681768
0.4878038591742286
0.5003813003917325
0.5118189367784548
0.5221062544442492
0.5312369637442486
0.5392089844174743
0.5460244171147186
0.5516895015004968
0.5562145611538565
0.5596139355316639
0.5619058992956052
0.5631125693403171
0.5632597998947905
0.5623770661022297
0.5604973365148871
6.307552373685888
-0.42949770915423113
-0.41803376632140893
-0.40545134085650664
-0.39176950903122476
-0.37701480480079125
-0.3612210277590228
-0.3444290149626999
-0.32668637771673664
-0.3080472045828533
-0.28857173203960923
-0.2683259843800953
-0.24738138458428557
-0.22581433804526593
-0.20370579116148696
-0.18114076693007983
-0.1582078797884991
-0.13499883205263577
-0.1116078943885692
-0.0881313728317665
-0.06466706493137649
-0.041313707647945286
-0.018170419670084658
0.004663859160824268
0.027090928619118746
0.049013886361941025
0.07033768101844703
0.09096965745657963
0.11082009162849418
0.12980270898920584
0.14783514962824634
0.1648393783397363
0.18074207211605062
0.19547498659263302
0.20897529965787112
0.2211859305621693
0.23205583298878876
0.24154026068518453
0.2496010043966983
0.25620659899404374
0.26133249984125073
0.26496122761099405
0.2670824809187292
0.2676932163151117
0.2667976953469715
0.26440749856994666
0.26054150656992575
0.25522584822500094
0.2484938166138774
0.2403857531499162
0.23094890069142696
0.22023722654780833
0.20831121625185725
0.1952376338476922
0.18108923683917577
0.16594444387169224
0.14988695891051051
0.133005355862298
0.11539262756406718
0.09714570305670642
0.07836493706371009
0.05915357560605465
0.03961720169825558
0.01986316508596025
-1.1673952949153407e-16
-0.01986316508596003
-0.03961720169825563
-0.05915357560605485
-0.07836493706371007
-0.09714570305670656
-0.11539262756406701
-0.13300535586229784
-0.14988695891051054
-0.16594444387169185
-0.1810892368391754
-0.19523763384769197
-0.2083112162518572
-0.22023722654780828
-0.23094890069142712
-0.24038575314991592
-0.2484938166138777
-0.25522584822500083
-0.26054150656992553
-0.2644074985699466
-0.2667976953469714
-0.2676932163151117
-0.2670824809187294
-0.264961227610994
-0.2613324998412509
-0.2562065989940435
-0.24960100439669813
-0.24154026068518458
-0.23205583298878896
-0.2211859305621693
-0.2089752996578713
-0.1954749865926332
-0.1807420721160503
-0.16483937833973647
-0.1478351496282463
-0.12980270898920587
-0.11082009162849388
-0.09096965745657974
-0.07033768101844723
-0.04901388636194134
-0.027090928619118836
-0.004663859160824616
0.018170419670084783
0.041313707647945355
0.06466706493137649
0.08813137283176621
0.11160789438856938
0.13499883205263571
0.15820787978849896
0.18114076693007963
0.2037057911614865
0.22581433804526616
0.24738138458428574
0.2683259843800954
0.28857173203960973
0.30804720458285373
0.3266863777167372
0.3444290149627002
0.36122102775902354
0.37701480480079147
0.39176950903122615
0.40545134085650714
0.4180337663214093
0.4294977091542308
1.5977445470388156
0.2559689273600351
0.23873960207028672
0.22100245292487167
0.20282169226486413
0.18426994070892777
0.16542718147593832
0.14637968892106068
0.1272189392150441
0.10804051125709564
0.08894298600031188
0.07002685238505965
0.05139342802066069
0.03314380263036335
0.015377812080699617
-0.0018069494437196049
-0.01831607188218441
-0.03405921950191857
-0.048950962448355444
-0.06291154371622448
-0.07586757615305438
-0.08775266468521105
-0.09850794957110816
-0.10808256713092251
-0.11643402507110484
-0.12352849020893401
-0.12934098710112293
-0.13385550678461416
-0.13706502554091043
-0.1389714427718049
-0.13958552376028247
-0.13892685129665566
-0.13702370708312203
-0.13391287718464281
-0.1296393844385696
-0.12425615129739839
-0.11782359711213297
-0.11040917436367827
-0.10208684881235404
-0.09293652895737538
-0.08304345057549106
-0.07249752243801576
-0.06139263958552465
-0.04982597076742265
-0.037897226827575965
-0.025707916936019648
-0.013360599629471523
-0.0009581356296559054
0.011397050641716835
0.023603694038548565
0.03556238950483625
0.04717626429104968
0.058351615908005104
0.06899852287892226
0.07903145345077107
0.08836987356171754
0.09693884241813044
0.10466958460496438
0.11150002874279706
0.11737530377178519
0.12224818499634549
0.126079483070985
0.1288383701519994
0.1305026384846349
0.13105888774235488
0.1305026384846349
0.1288383701519996
0.12607948307098502
0.12224818499634554
0.11737530377178532
0.11150002874279696
0.10466958460496424
0.09693884241813036
0.08836987356171715
0.07903145345077069
0.06899852287892198
0.05835161590800477
0.04717626429104925
0.03556238950483646
0.0236036940385483
0.011397050641716774
-0.0009581356296558699
-0.013360599629471753
-0.025707916936019745
-0.03789722682757632
-0.049825970767422796
-0.061392639585524794
-0.07249752243801579
-0.08304345057549113
-0.09293652895737532
-0.10208684881235464
-0.11040917436367839
-0.11782359711213308
-0.12425615129739823
-0.1296393844385698
-0.1339128771846427
-0.13702370708312256
-0.13892685129665544
-0.1395855237602827
-0.13897144277180498
-0.13706502554091024
-0.13385550678461405
-0.1293409871011225
-0.12352849020893363
-0.11643402507110434
-0.10808256713092207
-0.098507949571108
-0.0877526646852109
-0.07586757615305381
-0.06291154371622426
-0.04895096244835553
-0.03405921950191838
-0.01831607188218402
-0.0018069494437193937
0.01537781208070023
0.033143802630363026
0.05139342802066068
0.07002685238506023
0.08894298600031168
0.10804051125709532
0.12721893921504404
0.14637968892106074
0.16542718147593743
0.1842699407089274
0.20282169226486413
0.22100245292487233
0.23873960207028652
0.2559689273600333
