13 0.99 30.0
20.766623882874704
-0.07849768253134816
-0.08818986052239208
-0.098351208039504
-0.10892508656883468
-0.11985333467355554
-0.13107739210865554
-0.14253939530376367
-0.15418322008632449
-0.16595544621959699
-0.17780621735259983
-0.18968996931189977
-0.20156599928944277
-0.21339884836995404
-0.22515846996225147
-0.23682015701126935
-0.24836420132651038
-0.25977526368928183
-0.2710415479951215
-0.2821540357139194
-0.2931058422705459
-0.3038916626691691
-0.31450728636948083
-0.3249491723575552
-0.3352140823838653
-0.345298774889671
-0.35519976506660206
-0.3649131583263536
-0.37443456554365023
-0.3837591090092526
-0.39288152825510825
-0.4017963949114092
-0.41049842181866614
-0.4189826269016752
-0.4272442967747101
-0.4352789418485284
-0.4430822619096556
-0.45065012080662775
-0.4579785288176656
-0.4650636312856895
-0.4719017021779423
-0.4784891413460484
-0.4848224744145621
-0.4908983543984579
-0.4967135643294741
-0.5022650203457639
-0.5075497748586969
-0.5125650195471584
-0.517308088038739
-0.5217764582182219
-0.5259677541598294
-0.5298797477155708
-0.5335103598121544
-0.5368576615168227
-0.5399198749312522
-0.542695373964994
-0.5451826850282923
-0.547380487670746
-0.5492876151791102
-0.5509030551362132
-0.55222594993466
-0.5532555972343887
-0.5539914503521518
-0.5544331185728939
-0.5545803673760829
-0.5544331185728943
-0.5539914503521528
-0.55325559723439
-0.5522259499346622
-0.5509030551362153
-0.5492876151791132
-0.5473804876707492
-0.5451826850282959
-0.5426953739649983
-0.5399198749312568
-0.5368576615168278
-0.53351035981216
-0.5298797477155768
-0.525967754159836
-0.5217764582182292
-0.5173080880387464
-0.5125650195471663
-0.5075497748587051
-0.5022650203457724
-0.4967135643294831
-0.49089835439846724
-0.4848224744145719
-0.47848914134605847
-0.47190170217795263
-0.4650636312857
-0.4579785288176764
-0.4506501208066387
-0.44308226190966693
-0.43527894184853966
-0.42724429677472175
-0.4189826269016869
-0.4104984218186778
-0.40179639491142094
-0.39288152825512007
-0.3837591090092647
-0.37443456554366245
-0.3649131583263656
-0.35519976506661405
-0.34529877488968297
-0.33521408238387707
-0.32494917235756704
-0.3145072863694924
-0.30389166266918044
-0.293105842270557
-0.2821540357139302
-0.2710415479951322
-0.25977526368929216
-0.24836420132652018
-0.2368201570112788
-0.2251584699622604
-0.21339884836996262
-0.20156599928945082
-0.18968996931190732
-0.177806217352607
-0.16595544621960293
-0.15418322008632954
-0.14253939530376894
-0.13107739210866057
-0.11985333467356035
-0.10892508656883976
-0.09835120803950771
-0.08818986052239602
-0.07849768253135193
19.69101129845215
0.15283007216888922
0.1709514482336768
0.18975310324331915
0.20909070608675182
0.22881630663544011
0.24878084915288456
0.2688366307348627
0.28883965171736153
0.3086518024132538
0.32814282873693523
0.3471920182284928
0.3656895476563828
0.3835374337034324
0.4006500291521388
0.4169540083942215
0.4323877878966603
0.44690033914824734
0.46044958789317597
0.4730009281028158
0.48452597751522236
0.4950015075743752
0.5044085070180963
0.5127313610633976
0.5199571426981145
0.5260750219551219
0.5310758049937896
0.5349516184498144
0.5376957565580074
0.5393027094899976
0.5397683915247412
0.5390905873386234
0.5372695851935849
0.5343085042469526
0.5302132040937615
0.5249921721331239
0.5186564279272456
0.5112194417719698
0.5026970645585533
0.49310746602379857
0.4824710786346784
0.4708105446065221
0.45815066388144693
0.4445183412665815
0.42994253132116617
0.41445417996166983
0.3980861621022721
0.3808732149474065
0.36285186679360026
0.34406036137809265
0.3245385779382847
0.3043279472292371
0.28347136379556437
0.26201309481685003
0.23999868584864223
0.21747486376998154
0.19448943722854034
0.17109119485060356
0.14732980145953656
0.12325569252655341
0.09891996706410432
0.07437427916640729
0.04967072840346082
0.024861749282431244
6.307889046003205e-15
-0.02486174928241864
-0.04967072840344818
-0.07437427916639469
-0.09891996706409185
-0.12325569252654094
-0.1473298014595242
-0.17109119485059124
-0.19448943722852816
-0.2174748637699695
-0.23999868584863027
-0.2620130948168383
-0.2834713637955527
-0.3043279472292257
-0.3245385779382737
-0.3440603613780818
-0.3628518667935896
-0.380873214947396
-0.39808616210226216
-0.4144541799616601
-0.42994253132115645
-0.4445183412665721
-0.4581506638814379
-0.47081054460651356
-0.4824710786346699
-0.49310746602379035
-0.5026970645585456
-0.5112194417719621
-0.5186564279272382
-0.5249921721331166
-0.5302132040937543
-0.5343085042469456
-0.5372695851935779
-0.5390905873386166
-0.5397683915247348
-0.539302709489991
-0.5376957565580012
-0.5349516184498083
-0.5310758049937835
-0.5260750219551158
-0.5199571426981088
-0.5127313610633919
-0.5044085070180907
-0.49500150757436984
-0.4845259775152172
-0.4730009281028108
-0.4604495878931712
-0.44690033914824273
-0.43238778789665583
-0.41695400839421715
-0.4006500291521347
-0.3835374337034285
-0.3656895476563789
-0.3471920182284889
-0.32814282873693146
-0.30865180241325063
-0.28883965171735926
-0.26883663073486014
-0.24878084915288198
-0.22881630663543748
-0.2090907060867512
-0.1897531032433178
-0.1709514482336761
-0.15283007216888816
18.01205434350622
-0.2191416285374628
-0.2433195419705797
-0.2679292825089316
-0.29269188592432915
-0.3173242787677912
-0.3415439559646677
-0.36507357133325224
-0.38764534539348694
-0.40900519108398253
-0.428916455830172
-0.4471631777726693
-0.4635527548051642
-0.47791792728378707
-0.49011797872153406
-0.5000390633109095
-0.5075935745406834
-0.5127184906400221
-0.5153730058688355
-0.5155362812657043
-0.5132055141890078
-0.5083942210972472
-0.5011306707116825
-0.4914564412348172
-0.4794250987302683
-0.4651010087860863
-0.44855830300726507
-0.4298800274808591
-0.40915750328138917
-0.3864899301212246
-0.36198426396210165
-0.33575539820935574
-0.307926599736729
-0.27862942727191453
-0.24800296253365772
-0.21619298204091394
-0.18335113461963293
-0.14963412345431576
-0.11520289135354529
-0.08022180797617116
-0.04485785805522226
-0.00927983011244055
0.026342494272667324
0.061839149940183365
0.09704079502450103
0.13177951325804493
0.1658896091856964
0.19920839332056622
0.2315769539367694
0.2628409119784454
0.2928511554549119
0.3214645496717463
0.34854461970036393
0.3739622016008345
0.39759605907265594
0.419333462405536
0.439070726827281
0.4567137075897288
0.47217824938832886
0.4853905879695854
0.4962877020378916
0.504817613825922
0.5109396369398868
0.5146245703345325
0.51585483751765
0.5146245703345325
0.5109396369398871
0.504817613825922
0.49628770203789163
0.4853905879695855
0.4721782493883288
0.45671370758972896
0.439070726827281
0.41933346240553604
0.397596059072656
0.37396220160083465
0.3485446197003639
0.321464549671746
0.29285115545491164
0.26284091197844517
0.231576953936769
0.19920839332056586
0.16588960918569606
0.13177951325804452
0.0970407950245007
0.06183914994018305
0.02634249427266703
-0.009279830112440789
-0.04485785805522249
-0.08022180797617134
-0.11520289135354538
-0.14963412345431584
-0.18335113461963287
-0.21619298204091386
-0.24800296253365753
-0.27862942727191425
-0.3079265997367287
-0.33575539820935546
-0.36198426396210126
-0.38648993012122396
-0.40915750328138845
-0.4298800274808582
-0.4485583030072641
-0.46510100878608546
-0.47942509873026723
-0.491456441234816
-0.501130670711681
-0.5083942210972461
-0.5132055141890065
-0.5155362812657032
-0.5153730058688343
-0.5127184906400208
-0.5075935745406822
-0.5000390633109084
-0.490117978721533
-0.477917927283786
-0.46355275480516367
-0.44716317777266856
-0.4289164558301714
-0.4090051910839817
-0.3876453453934862
-0.3650735713332514
-0.3415439559646673
-0.3173242787677905
-0.29269188592432865
-0.2679292825089308
-0.24331954197057798
-0.21914162853746236
15.88296624206378
0.27416932499574986
0.3012093726599701
0.3278743290087599
0.3537135386277476
0.3782795460801092
0.40113636018164184
0.42186751397873573
0.4400837499253415
0.45543015591336433
0.467592577155133
0.4763031313833963
0.48134466028981177
0.4825539583652875
0.4798236310709615
0.47310244723762623
0.46239406539727723
0.44775405177470484
0.4292856449313817
0.4071354680637591
0.38148948212269357
0.35256904037121334
0.3206269697167352
0.2859436592840636
0.24882317239071355
0.20958942110906223
0.16858245703364266
0.12615494028231886
0.08266885283298024
0.03849252319624254
-0.0060019720052413685
-0.05044096709426715
-0.09445097754178414
-0.13766115943752005
-0.1797066698438441
-0.22023200488247693
-0.2588942006015746
-0.29536587759910654
-0.32933811188522577
-0.3605231157403492
-0.3886567134224247
-0.41350059755916413
-0.43484435299560475
-0.45250723582144603
-0.4663396963401083
-0.47622463591904657
-0.4820783890237081
-0.4838514233149385
-0.48152875249050675
-0.475130058560258
-0.46470952242291225
-0.45035536391213865
-0.4321890948541748
-0.41036449108776885
-0.3850662918018563
-0.3565086369116892
-0.32493325548665064
-0.29060742043119964
-0.2538216866752352
-0.21488743202561106
-0.1741342215443517
-0.1319070178337099
-0.08856326091160506
-0.04446984244757433
1.1466536035010603e-16
0.04446984244757458
0.08856326091160534
0.13190701783371014
0.17413422154435204
0.21488743202561142
0.2538216866752354
0.2906074204312001
0.32493325548665086
0.3565086369116897
0.3850662918018569
0.4103644910877694
0.4321890948541754
0.4503553639121393
0.4647095224229131
0.47513005856025886
0.4815287524905077
0.4838514233149395
0.4820783890237091
0.4762246359190477
0.4663396963401092
0.45250723582144703
0.4348443529956059
0.4135005975591652
0.3886567134224255
0.36052311574035006
0.3293381118852265
0.2953658775991071
0.25889420060157503
0.22023200488247727
0.17970666984384426
0.13766115943752005
0.09445097754178394
0.05044096709426688
0.006001972005240831
-0.038492523196243036
-0.08266885283298106
-0.1261549402823197
-0.16858245703364355
-0.20958942110906326
-0.2488231723907147
-0.2859436592840648
-0.32062696971673643
-0.3525690403712146
-0.38148948212269485
-0.40713546806376044
-0.429285644931383
-0.44775405177470623
-0.4623940653972784
-0.47310244723762745
-0.47982363107096265
-0.48255395836528847
-0.4813446602898129
-0.47630313138339614
-0.46759257715513386
-0.4554301559133649
-0.4400837499253408
-0.42186751397873606
-0.40113636018164245
-0.3782795460801101
-0.3537135386277468
-0.3278743290087585
-0.3012093726599694
-0.27416932499574936
13.486828946669709
-0.31547400950111804
-0.3417476457526431
-0.36631127029121574
-0.38854372334791387
-0.4078512039574209
-0.4236807334976089
-0.4355329608165943
-0.4429740050135958
-0.44564603429475297
-0.44327628826582954
-0.4356842663207957
-0.4227868260576332
-0.4046009623760277
-0.38124406943065803
-0.35293152315794674
-0.31997146079656186
-0.28275670426236377
-0.24175452060607933
-0.19749593059060425
-0.1505650352033101
-0.10158824629734485
-0.05122340419708286
-0.00014884618723207973
0.050947458058956153
0.1013785555013616
0.1504687759342933
0.1975634397209304
0.24203783089499875
0.28330526506755904
0.3208240919823505
0.3541034867020328
0.3827080476436162
0.40626262210110936
0.42445759477729555
0.4370533410335231
0.44388366869899065
0.4448582156700028
0.4399637844693879
0.4292646085574318
0.41290155841069587
0.391090308150064
0.36411849575056704
0.3323419215558492
0.2961798409046991
0.25610941710863366
0.21265941074326994
0.16640319016423316
0.11795115624389692
0.06794268143793264
0.017037669300278096
-0.03409215465682373
-0.08477210642024692
-0.1343334448882228
-0.182122194318593
-0.22750777183722048
-0.2698913064804156
-0.30871354018720887
-0.34346220655496007
-0.3736787899663613
-0.3989645758064443
-0.41898591181161216
-0.433478611004054
-0.44225143801784517
-0.4451886327521615
-0.44225143801784544
-0.43347861100405427
-0.4189859118116124
-0.3989645758064447
-0.37367878996636156
-0.3434622065549607
-0.30871354018720953
-0.2698913064804161
-0.22750777183722104
-0.18212219431859356
-0.13433344488822327
-0.08477210642024735
-0.034092154656824136
0.017037669300277766
0.06794268143793233
0.11795115624389667
0.16640319016423305
0.21265941074326972
0.25610941710863355
0.29617984090469895
0.3323419215558492
0.364118495750567
0.391090308150064
0.41290155841069603
0.429264608557432
0.439963784469388
0.4448582156700027
0.44388366869899076
0.43705334103352317
0.42445759477729555
0.4062626221011095
0.38270804764361627
0.3541034867020329
0.32082409198235046
0.2833052650675591
0.2420378308949987
0.19756343972093024
0.1504687759342932
0.10137855550136139
0.05094745805895594
-0.0001488461872324283
-0.051223404197083294
-0.10158824629734534
-0.15056503520331066
-0.19749593059060502
-0.24175452060608005
-0.2827567042623648
-0.3199714607965628
-0.3529315231579476
-0.38124406943065914
-0.4046009623760287
-0.42278682605763457
-0.43568426632079704
-0.4432762882658308
-0.4456460342947538
-0.4429740050135966
-0.4355329608165951
-0.4236807334976094
-0.4078512039574219
-0.38854372334791404
-0.36631127029121663
-0.34174764575264405
-0.3154740095011181
11.012234737675875
0.3416008530121474
0.3634857251077812
0.381959528124759
0.396291541250295
0.40582776068817705
0.410010018001117
0.40839317420688104
0.40065988967585525
0.3866325006611868
0.36628157694799546
0.33973079062573425
0.30725779202946674
0.2692908638257945
0.2264012061421994
0.17929079244726365
0.12877582531778564
0.07576595006127664
0.021240404847774143
-0.03377635618674274
-0.08823870179624099
-0.14110343910590326
-0.1913527906784913
-0.23801641680412078
-0.28019211128576593
-0.3170647764560747
-0.34792328522066784
-0.37217485904165143
-0.3893566269143713
-0.3991440783505463
-0.40135618043579746
-0.3959569927310241
-0.3830538771655616
-0.36289430124831845
-0.3358616653231202
-0.3024685768048753
-0.26334754364704277
-0.2192392833494116
-0.170978889002026
-0.11948013363422445
-0.06571822790141225
-0.010711373426642535
0.04449852542182221
0.09886561510487123
0.15135992931690687
0.2009869264791544
0.24680635431337955
0.2879500819363208
0.3236385607636785
0.3531956023780293
0.3760611939517867
0.3918021092915929
0.40012011544336307
0.4008576203263278
0.39400065522836114
0.379679136311719
0.35816440062492755
0.3298640635467445
0.2953142951505462
0.25516966173277716
0.21019072478631148
0.16122963215180025
0.10921397413900659
0.055129210339328855
5.991468634999327e-16
-0.05512921033932779
-0.10921397413900555
-0.16122963215179922
-0.21019072478631065
-0.2551696617327765
-0.29531429515054564
-0.32986406354674414
-0.3581644006249273
-0.37967913631171907
-0.3940006552283615
-0.4008576203263284
-0.4001201154433636
-0.3918021092915937
-0.3760611939517876
-0.35319560237803066
-0.3236385607636798
-0.28795008193632227
-0.24680635431338094
-0.20098692647915575
-0.15135992931690803
-0.09886561510487245
-0.0444985254218232
0.01071137342664168
0.0657182279014116
0.119480133634224
0.17097888900202574
0.2192392833494116
0.26334754364704305
0.30246857680487566
0.3358616653231207
0.3628943012483191
0.3830538771655625
0.3959569927310248
0.4013561804357984
0.39914407835054727
0.3893566269143723
0.3721748590416523
0.34792328522066884
0.3170647764560759
0.280192111285767
0.23801641680412186
0.1913527906784923
0.14110343910590423
0.08823870179624191
0.03377635618674351
-0.02124040484777332
-0.07576595006127608
-0.12877582531778523
-0.17929079244726326
-0.22640120614219936
-0.2692908638257945
-0.3072577920294664
-0.3397307906257344
-0.3662815769479962
-0.3866325006611876
-0.4006598896758567
-0.40839317420688176
-0.41001001800111736
-0.4058277606881779
-0.3962915412502958
-0.38195952812475986
-0.36348572510778226
-0.3416008530121482
8.630298128868413
-0.3521560826246508
-0.36647603889083347
-0.3755869883108476
-0.3787755745935623
-0.3754824765493284
-0.3653244380934171
-0.34811172781936395
-0.32386035526224377
-0.29279848346246035
-0.2553666105049706
-0.21221124262477403
-0.16417194391981615
-0.11226181790366549
-0.05764164892716045
-0.0015881015730942665
0.054543461879969606
0.10936078565078787
0.16147902931389546
0.20956370981044162
0.2523706962721384
0.2887827691080257
0.31784214304735564
0.338778295245105
0.3510304550327259
0.35426418096688095
0.3483815593866485
0.3335246960636643
0.31007232993368455
0.278629567621072
0.2400109124740591
0.19521693559117362
0.145405359685985
0.09185988260322725
0.035957985068166796
-0.020863672129499838
-0.07714557491340723
-0.13144244100914176
-0.1823600786434191
-0.22859104164747318
-0.2689481373569848
-0.30239490227674354
-0.3280722422535481
-0.34532053650378386
-0.35369662537938407
-0.352985236900375
-0.3432045531730933
-0.3246057709657839
-0.29766666693587424
-0.26307933331433925
-0.2217324003754951
-0.1746882040281155
-0.12315548682204625
-0.06845833531793932
-0.012002153234049585
0.044762454363492694
0.10037695722644885
0.15341237836168642
0.20250601174565402
0.24639643608697087
0.2839559253229337
0.31421942346707965
0.3364093396623958
0.3499555265980451
0.3545099291029413
0.34995552659804524
0.33640933966239606
0.3142194234670802
0.28395592532293423
0.2463964360869717
0.20250601174565508
0.1534123783616876
0.10037695722645018
0.04476245436349402
-0.012002153234048074
-0.06845833531793775
-0.12315548682204469
-0.17468820402811383
-0.2217324003754935
-0.2630793333143377
-0.2976666669358728
-0.32460577096578275
-0.34320455317309223
-0.35298523690037403
-0.3536966253793832
-0.34532053650378336
-0.3280722422535477
-0.3023949022767436
-0.268948137356985
-0.22859104164747351
-0.18236007864341983
-0.13144244100914254
-0.07714557491340808
-0.020863672129500705
0.03595798506816577
0.09185988260322618
0.14540535968598398
0.19521693559117242
0.24001091247405804
0.27862956762107105
0.3100723299336838
0.3335246960636636
0.3483815593866478
0.35426418096688034
0.3510304550327255
0.33877829524510455
0.31784214304735525
0.28878276910802536
0.2523706962721382
0.20956370981044162
0.16147902931389546
0.10936078565078791
0.0545434618799696
-0.0015881015730941877
-0.057641648927160276
-0.11226181790366531
-0.1641719439198163
-0.21221124262477345
-0.25536661050497034
-0.2927984834624597
-0.32386035526224316
-0.34811172781936317
-0.3653244380934168
-0.37548247654932787
-0.37877557459356215
-0.37558698831084764
-0.3664760388908345
-0.3521560826246511
6.476691041948777
0.34779504441953873
0.35220710107646047
0.34984504001081895
0.3401916465372045
0.3229818446433308
0.29821974264606144
0.26618680567309777
0.22744058839891068
0.18280374406173158
0.13334332764130383
0.08034072158894068
0.0252528205263392
-0.030334594446355594
-0.08476009185521646
-0.1363450024005377
-0.18345538477944154
-0.2245657175059241
-0.2583208004381434
-0.28359021628706754
-0.2995129903714876
-0.3055317483210913
-0.3014157277965581
-0.28727213763326853
-0.26354559496067914
-0.2310056710583052
-0.19072291213006726
-0.1440340491276628
-0.09249745188234032
-0.037840200272659566
0.018101575657424655
0.07344720621736411
0.12633845697956025
0.1750033303218648
0.2178140475859425
0.2533402672681364
0.2803960232013866
0.2980787608366223
0.3057991153371968
0.3033003879699481
0.290667026372219
0.2683217876145131
0.23701164765860464
0.19778290355038283
0.1519462822922294
0.1010332101682283
0.04674469670122666
-0.009105461828862307
-0.06465126173017116
-0.11803682834890049
-0.16747842421608025
-0.21132405411045702
-0.24810867261013456
-0.2766031469629623
-0.2958553372472913
-0.3052219197539131
-0.30438988941058426
-0.2933870224799664
-0.27258095009894007
-0.24266687411176738
-0.20464433632945364
-0.1597838181301237
-0.10958428699629262
-0.05572310886272541
-2.8615994414989914e-16
0.055723108862724906
0.10958428699629223
0.15978381813012324
0.20464433632945328
0.24266687411176707
0.2725809500989397
0.29338702247996606
0.30438988941058404
0.30522191975391305
0.29585533724729135
0.2766031469629625
0.24810867261013472
0.21132405411045727
0.16747842421608072
0.11803682834890111
0.06465126173017174
0.00910546182886303
-0.04674469670122584
-0.10103321016822744
-0.15194628229222845
-0.19778290355038186
-0.23701164765860375
-0.2683217876145125
-0.2906670263722182
-0.3033003879699473
-0.3057991153371964
-0.29807876083662194
-0.28039602320138635
-0.2533402672681362
-0.21781404758594258
-0.1750033303218649
-0.1263384569795606
-0.07344720621736453
-0.01810157565742523
0.03784020027265898
0.09249745188233978
0.1440340491276622
0.1907229121300665
0.2310056710583046
0.2635455949606786
0.287272137633268
0.30141572779655756
0.3055317483210907
0.2995129903714873
0.2835902162870673
0.2583208004381434
0.22456571750592422
0.18345538477944154
0.1363450024005379
0.08476009185521659
0.030334594446355875
-0.02525282052633861
-0.08034072158894039
-0.13334332764130327
-0.18280374406173105
-0.22744058839890988
-0.2661868056730972
-0.2982197426460611
-0.3229818446433301
-0.3401916465372047
-0.34984504001081934
-0.352207101076461
-0.3477950444195383
4.64109368319733
-0.33012486909423217
-0.3234070908841013
-0.30891018381279733
-0.28650926207334604
-0.25643170825439643
-0.21925548480569232
-0.17589320261957728
-0.12756221795003636
-0.0757415680846887
-0.022117077059801888
0.03148355750257847
0.08316346813121975
0.1310345481266063
0.1732978080658492
0.20832323041832823
0.23472618636514916
0.2514375029646189
0.25776237067967483
0.2534208944414832
0.23856800085051416
0.2137930418783227
0.18009984752809471
0.13886845580023421
0.09180029531363275
0.04084914877050561
-0.011859265450749317
-0.0641158294373517
-0.11372110043999047
-0.15857916324884355
-0.1967884648361569
-0.22672595473375626
-0.24712067789063089
-0.2571092212839955
-0.2562701112951239
-0.24463978672586367
-0.2227098125295897
-0.19140536008081055
-0.15204577222712745
-0.10628879209241399
-0.05606073101416055
-0.0034754531399631733
0.04925446394289253
0.09991069257350146
0.1463623580431967
0.18665557714728523
0.21909557418925318
0.24231792243077788
0.2553459122529836
0.2576316285172926
0.24907900392143056
0.23004787328560186
0.20133885343182956
0.1641596807629067
0.12007441968152058
0.0709376766403452
0.018816586425029775
-0.03409614741835498
-0.08557449904022432
-0.13345277176350948
-0.17571671339128517
-0.21058826090035712
-0.2366003483458747
-0.2526586302205239
-0.2580875233344969
-0.25265863022052387
-0.23660034834587487
-0.21058826090035726
-0.1757167133912854
-0.13345277176350973
-0.08557449904022467
-0.03409614741835537
0.0188165864250293
0.07093767664034491
0.1200744196815202
0.16415968076290627
0.20133885343182906
0.23004787328560142
0.24907900392143004
0.25763162851729215
0.2553459122529832
0.24231792243077763
0.21909557418925307
0.18665557714728523
0.14636235804319656
0.09991069257350155
0.049254463942892686
-0.003475453139962768
-0.056060731014160065
-0.10628879209241326
-0.1520457722271268
-0.19140536008081002
-0.22270981252958907
-0.24463978672586317
-0.25627011129512334
-0.25710922128399516
-0.24712067789063066
-0.22672595473375612
-0.19678846483615686
-0.15857916324884355
-0.1137211004399907
-0.06411582943735201
-0.011859265450749829
0.04084914877050516
0.09180029531363229
0.1388684558002337
0.18009984752809413
0.2137930418783221
0.23856800085051372
0.25342089444148275
0.25776237067967467
0.2514375029646186
0.234726186365149
0.20832323041832815
0.17329780806584918
0.13103454812660642
0.08316346813122011
0.03148355750257871
-0.022117077059801635
-0.07574156808468915
-0.12756221795003667
-0.17589320261957736
-0.21925548480569232
-0.2564317082543965
-0.28650926207334576
-0.3089101838127967
-0.3234070908841008
-0.3301248690942321
3.164824695548203
0.3015328776630259
0.2837391725018362
0.25797712907549203
0.22467897566154918
0.18470380318940835
0.13929913546993034
0.09004377977965095
0.03877433028354228
-0.01250153087487569
-0.061701154043539874
-0.10676821796924567
-0.1457746864451218
-0.17701885601638626
-0.19911509020478055
-0.21107121681735883
-0.21235014719915318
-0.20291291473991158
-0.18323838000070813
-0.15431230554878306
-0.11758580226106426
-0.07490706949661453
-0.028431051311366234
0.019487751190611392
0.06641353714141908
0.10995239952333666
0.14787419624182838
0.17822698035216214
0.1994382885228732
0.21039827244764986
0.2105205862096515
0.19977807336177703
0.17871097870167
0.14840123038489678
0.11041353233632316
0.06671193019208863
0.019556585949680124
-0.02861407108408146
-0.07530988393388544
-0.11811780187676978
-0.15482647631901436
-0.18354028553857507
-0.2027769805122641
-0.2115439694437587
-0.20938934256501004
-0.19642502630186132
-0.17332088126006515
-0.14127004856875097
-0.10192732704511975
-0.0573237526960868
-0.009761779706660678
0.038303535982861986
0.08439122549327169
0.1261224350685255
0.16134318919166993
0.18823555443354015
0.20541146669800256
0.2119843779261147
0.20761502212090036
0.1925289357954408
0.16750482575334005
0.13383438222561048
0.09325561003882943
0.04786311838186164
2.2842830113084903e-16
-0.047863118381861205
-0.09325561003882908
-0.13383438222561012
-0.1675048257533397
-0.19252893579544067
-0.20761502212090016
-0.2119843779261147
-0.2054114666980026
-0.18823555443354034
-0.16134318919167018
-0.12612243506852572
-0.08439122549327195
-0.03830353598286215
0.009761779706660482
0.05732375269608655
0.1019273270451198
0.14127004856875097
0.17332088126006528
0.19642502630186148
0.2093893425650102
0.21154396944375897
0.2027769805122643
0.1835402855385754
0.15482647631901458
0.11811780187676993
0.07530988393388562
0.028614071084081562
-0.019556585949680294
-0.06671193019208892
-0.11041353233632342
-0.14840123038489705
-0.17871097870167021
-0.19977807336177747
-0.21052058620965164
-0.21039827244765025
-0.1994382885228736
-0.17822698035216245
-0.1478741962418285
-0.10995239952333667
-0.06641353714141898
-0.01948775119061123
0.02843105131136632
0.07490706949661484
0.11758580226106431
0.15431230554878325
0.18323838000070855
0.20291291473991163
0.21235014719915343
0.2110712168173589
0.19911509020478027
0.17701885601638628
0.14577468644512126
0.10676821796924565
0.06170115404354003
0.012501530874875733
-0.03877433028354255
-0.09004377977965063
-0.1392991354699303
-0.1847038031894082
-0.2246789756615487
-0.257977129075492
-0.28373917250183534
-0.3015328776630252
2.0458067122170562
-0.2649587106240648
-0.23742239689567515
-0.20266384247028574
-0.16175407880549914
-0.11621154387764017
-0.06790877058678395
-0.018960163052631124
0.028403089731419518
0.071964218119438
0.10965112914774996
0.1396587292133762
0.16055679695475802
0.17137773518668262
0.17167970034149163
0.16158203850259995
0.14177156913518454
0.11347979743009141
0.07842896662360078
0.038741820891805716
-0.0031797472464547383
-0.04479691663005555
-0.08358655034039876
-0.11719388789439802
-0.14357551021731105
-0.1611236931055505
-0.16876460725991338
-0.16602454342131084
-0.15306036159780467
-0.13065257951879344
-0.10016180602901162
-0.06345146103066962
-0.02278096127069947
0.01933220445320282
0.06027347533582344
0.09749740488384465
0.12868819685343036
0.1519049273091858
0.1657027135716213
0.16922255169559805
0.16224445233924017
0.14520074370609484
0.11914884263828297
0.0857052719666098
0.04694507214423794
0.005272872706487154
-0.036726375816649316
-0.07644776314742278
-0.11142794816554873
-0.13949786063203193
-0.15891712742526398
-0.1684819053202558
-0.16759944760038856
-0.15632479059438983
-0.1353572912517831
-0.10599723289776242
-0.07006518934617056
-0.029789144397433527
0.012333638496337167
0.05369143672347897
0.09171998445174641
0.1240614483778524
0.14871060839530725
0.1641391798987355
0.1693905683992041
0.16413917989873547
0.14871060839530728
0.12406144837785238
0.09171998445174656
0.053691436723479154
0.012333638496337172
-0.02978914439743346
-0.07006518934617052
-0.10599723289776242
-0.13535729125178322
-0.1563247905943898
-0.16759944760038836
-0.16848190532025595
-0.15891712742526382
-0.1394978606320318
-0.11142794816554863
-0.07644776314742267
-0.03672637581664924
0.005272872706487056
0.04694507214423811
0.08570527196661014
0.1191488426382833
0.14520074370609504
0.1622444523392402
0.1692225516955979
0.1657027135716212
0.15190492730918603
0.12868819685343022
0.09749740488384455
0.06027347533582331
0.0193322044532027
-0.02278096127069942
-0.06345146103066981
-0.10016180602901152
-0.13065257951879383
-0.153060361597805
-0.16602454342131107
-0.16876460725991344
-0.16112369310555066
-0.14357551021731127
-0.11719388789439812
-0.08358655034039875
-0.04479691663005544
-0.0031797472464549395
0.038741820891805875
0.07842896662360102
0.1134797974300915
0.14177156913518466
0.16158203850259995
0.17167970034149146
0.17137773518668262
0.16055679695475802
0.1396587292133762
0.10965112914774977
0.07196421811943851
0.02840308973141976
-0.018960163052630947
-0.06790877058678381
-0.11621154387764063
-0.16175407880549877
-0.20266384247028593
-0.23742239689567463
-0.26495871062406495
1.2487882255283624
0.2236333804796006
0.18881905417366926
0.14839711042968562
0.10403709222192248
0.057804884292031074
0.012001645062090793
-0.031007944170099784
-0.06896711408577727
-0.09988728653735396
-0.12218724074819869
-0.13480275122635077
-0.13726037536535016
-0.12971156820512839
-0.11292603647303219
-0.08824602877961836
-0.05750590761207456
-0.022923461147075955
0.013034047579229647
0.047810926346664444
0.07893945508897347
0.1042145017203269
0.12185106470445149
0.13061197130032742
0.1298959406503167
0.11977960578045517
0.1010107310786107
0.0749535621547096
0.04349077935940186
0.008889671108808462
-0.026357303912925213
-0.0597055997962453
-0.08873354536550569
-0.11131773455219923
-0.12579627530121265
-0.13109660841344972
-0.12681791304473056
-0.11326260491378785
-0.09141509946436333
-0.06286980653337272
-0.02971396911889754
0.005625808065338356
0.04056190820065954
0.07253574448117892
0.09920551320103464
0.1186178933146573
0.12935113974008994
0.13061913437558148
0.12232882606236188
0.10508690123936296
0.08015523531938017
0.04935841344601572
0.01495010706694343
-0.020551905239278197
-0.05454999734704446
-0.08455675570007985
-0.10837694061201286
-0.12426804558326604
-0.13106771950641113
-0.1282787416337648
-0.11610534363404941
-0.09543822993440167
-0.0677893969816219
-0.03518152050197115
-5.2898715328893735e-17
0.03518152050197101
0.06778939698162172
0.09543822993440158
0.11610534363404942
0.12827874163376488
0.13106771950641125
0.12426804558326614
0.10837694061201301
0.08455675570008017
0.0545499973470445
0.02055190523927847
-0.014950107066943243
-0.04935841344601563
-0.08015523531938012
-0.10508690123936276
-0.12232882606236174
-0.13061913437558145
-0.12935113974009016
-0.11861789331465751
-0.09920551320103502
-0.07253574448117905
-0.04056190820065975
-0.005625808065338408
0.029713969118897413
0.0628698065333725
0.09141509946436326
0.11326260491378812
0.1268179130447307
0.1310966084134499
0.12579627530121304
0.11131773455219948
0.08873354536550587
0.059705599796245554
0.026357303912925185
-0.008889671108808337
-0.04349077935940178
-0.07495356215470954
-0.10101073107861068
-0.11977960578045534
-0.129895940650317
-0.13061197130032784
-0.1218510647044517
-0.10421450172032742
-0.07893945508897365
-0.04781092634666451
-0.01303404757922983
0.02292346114707596
0.05750590761207423
0.0882460287796182
0.11292603647303232
0.12971156820512866
0.13726037536535077
0.13480275122635071
0.12218724074819844
0.09988728653735442
0.06896711408577776
0.03100794417009998
-0.01200164506209068
-0.057804884292031976
-0.10403709222192226
-0.14839711042968562
-0.18881905417366948
-0.2236333804796007
0.7181088104909535
-0.18081091441030253
-0.14203114130033825
-0.09984624252298223
-0.05635373880501548
-0.013931211003900306
0.02499650159650782
0.05818065802671372
0.0837464461993925
0.1003515251018458
0.10729490168594606
0.10456992009279388
0.09285971205435951
0.07347806732523307
0.04826296062789435
0.019433582788533278
-0.010575601836916892
-0.03928901572099849
-0.06436473642149591
-0.08377127880506012
-0.09595059315161199
-0.09994676795051333
-0.09548567203756289
-0.08299697219561035
-0.06357611597532964
-0.038889715098894516
-0.011032970849153915
0.017647983219835694
0.04475296551851114
0.06802646804985647
0.0855408197109447
0.09584787586229507
0.09808770968017849
0.09206106477811794
0.07825905035933146
0.05783095071024396
0.032492196522786294
0.004381306961472878
-0.024121179421618975
-0.050595665104676224
-0.0727904967269519
-0.08881495219204918
-0.09730147569431273
-0.09752316211460892
-0.08945640535578267
-0.07378337504473753
-0.05183416401818435
-0.025473612769540334
0.0030574708377894178
0.03133311225703651
0.05694870614858049
0.07772568744939301
0.09189691597864738
0.09825700812284498
0.09626484071360518
0.08608952651100583
0.0685959718487911
0.045271266100554965
0.018098182643291806
-0.010613435904556578
-0.03842306117224385
-0.0629669322505009
-0.0821589485177127
-0.09436793870985374
-0.09855625634578592
-0.09436793870985398
-0.08215894851771297
-0.06296693225050116
-0.0384230611722445
-0.010613435904557338
0.01809818264329144
0.04527126610055453
0.0685959718487908
0.08608952651100549
0.09626484071360486
0.09825700812284503
0.09189691597864738
0.07772568744939332
0.056948706148580774
0.031333112257036846
0.003057470837790022
-0.025473612769539952
-0.05183416401818399
-0.07378337504473707
-0.0894564053557825
-0.09752316211460876
-0.09730147569431273
-0.08881495219204887
-0.07279049672695198
-0.05059566510467662
-0.02412117942161928
0.00438130696147263
0.03249219652278606
0.05783095071024346
0.07825905035933141
0.09206106477811761
0.09808770968017819
0.09584787586229504
0.08554081971094481
0.0680264680498566
0.04475296551851142
0.017647983219835947
-0.011032970849153523
-0.03888971509889418
-0.06357611597532935
-0.08299697219561027
-0.09548567203756277
-0.09994676795051331
-0.09595059315161213
-0.08377127880506044
-0.06436473642149622
-0.03928901572099869
-0.010575601836917296
0.019433582788533032
0.04826296062789401
0.07347806732523297
0.09285971205435976
0.104569920092794
0.10729490168594649
0.10035152510184567
0.08374644619939299
0.058180658026713766
0.02499650159650843
-0.013931211003901024
-0.056353738805015235
-0.09984624252298224
-0.14203114130033856
-0.18081091441030187
