20 0.9500000000000001 14.0
9.823208045926553
0.029199021668886292
0.036897569630021186
0.045244969448712744
0.0540602253592933
0.06317446307584963
0.0724445902021921
0.0817625911995784
0.09105853490600407
0.10029554010666265
0.10945872492499271
0.11854528873072241
0.12755719762935258
0.13649592941130195
0.14535946762713198
0.15414206929676233
0.16283703436166194
0.17143872058806942
0.17994212289761977
0.18834248066811665
0.1966350994961126
0.20481529905181525
0.21287841974514524
0.2208198461586803
0.2286350271598572
0.23631948715872153
0.24386883015643449
0.251278740347455
0.2585449823685811
0.26566340257979776
0.2726299313040729
0.279440585410597
0.286091470823281
0.292578784851511
0.2988988183779385
0.3050479579576435
0.3110226878619096
0.31681959207685234
0.32243535625425845
0.32786676960848515
0.3331107267545532
0.3381642294849181
0.3430243884839556
0.3476884249797222
0.3521536723324602
0.3564175775591019
0.3604777027928934
0.3643317266772489
0.3679774456930015
0.37141277541826734
0.3746357517202071
0.37764453187800884
0.38043739563645146
0.3830127461894506
0.3853691110930242
0.3875051431071555
0.3894196209660706
0.3911114500764917
0.39257966314346515
0.3938234207234084
0.39484201170405653
0.3956348537110377
0.3962014934408433
0.3965416069200012
0.39665499969030593
0.3965416069200009
0.3962014934408431
0.39563485371103746
0.3948420117040563
0.39382342072340853
0.3925796631434656
0.3911114500764923
0.3894196209660715
0.38750514310715667
0.38536911109302585
0.3830127461894524
0.3804373956364534
0.377644531878011
0.37463575172020946
0.37141277541827
0.36797744569300483
0.3643317266772523
0.36047770279289726
0.3564175775591063
0.35215367233246486
0.3476884249797272
0.34302438848396083
0.33816422948492336
0.3331107267545583
0.3278667696084903
0.3224353562542638
0.31681959207685756
0.3110226878619149
0.3050479579576487
0.29889881837794396
0.292578784851516
0.286091470823286
0.27944058541060224
0.2726299313040782
0.265663402579803
0.2585449823685861
0.25127874034746
0.24386883015643931
0.2363194871587262
0.2286350271598617
0.2208198461586845
0.21287841974514918
0.2048152990518195
0.1966350994961169
0.18834248066812073
0.1799421228976241
0.17143872058807336
0.16283703436166558
0.15414206929676583
0.14535946762713556
0.13649592941130503
0.12755719762935497
0.11854528873072483
0.10945872492499538
0.10029554010666532
0.09105853490600682
0.08176259119958044
0.07244459020219392
0.06317446307585076
0.05406022535929389
0.04524496944871348
0.0368975696300224
0.02919902166888679
9.701783989021164
-0.05799972775680786
-0.07311824496159185
-0.08941234103619686
-0.1064910580446239
-0.1239866888031477
-0.1415827823013773
-0.15903330437148175
-0.176169058659374
-0.19288783247263547
-0.20913236399792917
-0.2248705432562819
-0.24008081879131238
-0.254741725193854
-0.26882592438000175
-0.2822998228940612
-0.29512922273013675
-0.30728344014664544
-0.3187345138381865
-0.32945646838886467
-0.3394250082877432
-0.3486174634889237
-0.3570128500577168
-0.36459196058136634
-0.37133744357141535
-0.3772338606186667
-0.382267724618675
-0.38642752666649083
-0.3897037578447589
-0.39208892865363393
-0.39357758587406616
-0.39416632556729014
-0.3938538013315496
-0.3926407275926859
-0.39052987799690714
-0.38752607902388064
-0.38363619890523676
-0.3788691318968844
-0.37323577793779666
-0.36674901773131346
-0.3594236832981775
-0.3512765240656391
-0.34232616857032044
-0.33259308186352415
-0.3220995187172425
-0.31086947273818666
-0.29892862150616983
-0.2863042678621786
-0.27302527748028305
-0.25912201286609937
-0.24462626393271197
-0.22957117531280935
-0.21399117057324096
-0.19792187350528437
-0.18140002667059338
-0.16446340738907006
-0.14715074136075648
-0.12950161411924652
-0.11155638051908327
-0.09335607246409793
-0.07494230508767091
-0.056357181599433995
-0.03764319701598331
-0.018843140995722686
-6.208147360174742e-15
0.018843140995710262
0.037643197015970825
0.056357181599421415
0.0749423050876582
0.0933560724640852
0.11155638051907062
0.1295016141192341
0.1471507413607444
0.16446340738905854
0.18140002667058258
0.19792187350527457
0.21399117057323197
0.2295711753128012
0.24462626393270478
0.25912201286609293
0.27302527748027744
0.28630426786217333
0.2989286215061651
0.3108694727381823
0.32209951871723846
0.33259308186352043
0.34232616857031717
0.3512765240656365
0.35942368329817515
0.3667490177313118
0.37323577793779517
0.3788691318968835
0.38363619890523615
0.3875260790238806
0.39052987799690736
0.3926407275926865
0.3938538013315507
0.39416632556729186
0.39357758587406805
0.3920889286536362
0.3897037578447614
0.3864275266664931
0.3822677246186772
0.377233860618669
0.3713374435714177
0.36459196058136883
0.3570128500577195
0.34861746348892636
0.33942500828774613
0.3294564683888678
0.3187345138381902
0.30728344014664916
0.29512922273013975
0.2822998228940644
0.26882592438000474
0.25474172519385685
0.24008081879131504
0.22487054325628492
0.2091323639979316
0.19288783247263794
0.17616905865937588
0.15903330437148314
0.14158278230137883
0.12398668880314868
0.10649105804462457
0.08941234103619822
0.07311824496159287
0.0579997277568085
9.502448856767925
0.08601128971259424
0.10800183088457231
0.13145823405281865
0.1557261672042696
0.18018536561069257
0.20429365946605593
0.2276174434794464
0.24984261013827758
0.2707605709613859
0.2902356196735599
0.30817554277145803
0.32451000790687795
0.3391751088782527
0.35210468913602677
0.3632300691619876
0.37248886575771173
0.3798314200731072
0.3852197238634029
0.3886263905047291
0.39003423905372736
0.38943621683213
0.3868354510627471
0.38224529871691054
0.3756893324138659
0.3672012458339034
0.35682468468036055
0.34461301598758926
0.3306290466405482
0.3149446968213006
0.2976406297640736
0.27880583775734114
0.2585371852078359
0.23693891080647067
0.21412209147971126
0.19020407106346574
0.16530785674755313
0.13956148642998537
0.1130973702288625
0.0860516095217217
0.05856329700223254
0.030773801349347915
0.0028260401880710923
-0.025136254917286455
-0.05296927765595596
-0.0805298865475982
-0.10767634109971524
-0.13426903075981134
-0.1601711929135429
-0.18524961623634092
-0.209375325781266
-0.23242424627976166
-0.25427784024402605
-0.27482371758932056
-0.29395621364101066
-0.31157693255372815
-0.3275952533479249
-0.3419287959613414
-0.35450384491855025
-0.36525572843969867
-0.3741291510387457
-0.38107847790068383
-0.38606796957523565
-0.38907196578002406
-0.39007501736794026
-0.3890719657800241
-0.38606796957523587
-0.3810784779006839
-0.37412915103874594
-0.3652557284396992
-0.35450384491855064
-0.34192879596134174
-0.32759525334792533
-0.3115769325537289
-0.29395621364101177
-0.27482371758932195
-0.2542778402440276
-0.23242424627976332
-0.20937532578126786
-0.18524961623634298
-0.160171192913545
-0.13426903075981372
-0.10767634109971778
-0.0805298865476011
-0.05296927765595925
-0.02513625491729022
0.002826040188066889
0.03077380134934331
0.058563297002227566
0.08605160952171652
0.11309737022885721
0.1395614864299799
0.16530785674754764
0.19020407106346024
0.21412209147970543
0.23693891080646481
0.2585371852078299
0.278805837757335
0.2976406297640673
0.314944696821294
0.3306290466405414
0.3446130159875823
0.3568246846803533
0.36720124583389613
0.3756893324138583
0.3822452987169033
0.38683545106273914
0.38943621683212254
0.39003423905372026
0.38862639050472175
0.38521972386339576
0.3798314200730999
0.37248886575770446
0.36323006916198086
0.35210468913602017
0.33917510887824626
0.3245100079068723
0.3081755427714525
0.2902356196735542
0.27076057096138056
0.2498426101382723
0.22761744347944135
0.20429365946605127
0.18018536561068857
0.15572616720426619
0.13145823405281684
0.10800183088456992
0.08601128971259259
9.229651121966937
-0.11285769060144046
-0.1409210627897153
-0.170405009084844
-0.20032259359588472
-0.22973518156487777
-0.2578156319233191
-0.28389280848553317
-0.3074691556825007
-0.3282040129633547
-0.3458711976276122
-0.3603205949347382
-0.3714499235053721
-0.37918451931449887
-0.3834660252177032
-0.38425221180331004
-0.3815288500165082
-0.37531807070183043
-0.36567632081259516
-0.3526921696990803
-0.3364847408632814
-0.3172024009919917
-0.29502142882051896
-0.2701444965368017
-0.2427988930722294
-0.21323448334675565
-0.18172143025292456
-0.14854771687133358
-0.11401650494718281
-0.07844335958854255
-0.04215336504775757
-0.005478155170727595
0.031247116179010475
0.06768683745451827
0.10350800634971503
0.13838327302962677
0.17199393170190808
0.20403283314320728
0.23420719157392486
0.26224126025507455
0.287878851373782
0.3108856771959567
0.33105149109102716
0.3481920088604414
0.36215059281002376
0.3727996831756821
0.3800419638215294
0.38381125155801926
0.3840731009533189
0.3808251191109546
0.3740969875371526
0.36395019089800845
0.35047745514521106
0.33380190014495925
0.3140759145537329
0.2914797632228055
0.26621993985766085
0.23852727998644366
0.2086548514819855
0.17687564191474928
0.1434800638706996
0.10877330103160858
0.07307251927050436
0.03670396824851399
-1.2955642864945328e-15
-0.036703968248516544
-0.07307251927050679
-0.10877330103161059
-0.14348006387070136
-0.1768756419147508
-0.2086548514819867
-0.23852727998644482
-0.2662199398576619
-0.2914797632228066
-0.31407591455373407
-0.33380190014496064
-0.35047745514521256
-0.36395019089801
-0.37409698753715415
-0.3808251191109565
-0.38407310095332065
-0.38381125155802087
-0.3800419638215309
-0.37279968317568324
-0.36215059281002443
-0.34819200886044194
-0.33105149109102733
-0.3108856771959566
-0.28787885137378183
-0.2622412602550742
-0.23420719157392428
-0.20403283314320628
-0.17199393170190685
-0.1383832730296252
-0.10350800634971316
-0.06768683745451598
-0.031247116179008015
0.005478155170729938
0.04215336504775993
0.07844335958854477
0.11401650494718502
0.14854771687133578
0.18172143025292684
0.21323448334675799
0.2427988930722321
0.27014449653680417
0.29502142882052124
0.3172024009919939
0.3364847408632833
0.3526921696990815
0.3656763208125965
0.3753180707018309
0.3815288500165092
0.38425221180331065
0.38346602521770395
0.3791845193144995
0.3714499235053726
0.3603205949347385
0.34587119762761276
0.32820401296335433
0.30746915568250066
0.2838928084855332
0.2578156319233193
0.2297351815648778
0.20032259359588397
0.1704050090848437
0.14092106278971517
0.1128576906014402
8.889405594898385
0.1381847286877739
0.17129691636075517
0.20537145151089498
0.23901568390178593
0.2709105245553912
0.29989779179205145
0.32504299127883135
0.3456626848922304
0.36130698208742645
0.37170809549634637
0.37673298444076403
0.3763479938606396
0.3705928011493891
0.35956488568767797
0.34341742012773635
0.32237176759510605
0.2967247492777762
0.26684199121506336
0.23315053464962035
0.19613176670648919
0.1563142712672283
0.11426632424549062
0.07058790714771589
0.02590224396081014
-0.01915304555365094
-0.06393503848282764
-0.10780469540885629
-0.1501359924513657
-0.19032486090666983
-0.22779780772350516
-0.26202009752600347
-0.2925033818453139
-0.3188126672220586
-0.34057252248275705
-0.3574724362625885
-0.36927124811683126
-0.3758005899275529
-0.3769672885120532
-0.3727546951816743
-0.36322292330178324
-0.34850799047128994
-0.3288198775615966
-0.3044395323085692
-0.27571486021334446
-0.24305575996056442
-0.20692827419833026
-0.16784793914816457
-0.12637242794576814
-0.08309359269159568
-0.038629018770515396
0.006386788040327739
0.05131145591623915
0.09550391357755456
0.13833353832355855
0.17918915496605364
0.2174877572485402
0.25268282729708064
0.2842721343849725
0.3118049017235107
0.33488823900932374
0.3531927489363755
0.36645722766816535
0.37449239219478364
0.37718358138574154
0.3744923921947836
0.3664572276681657
0.3531927489363757
0.33488823900932424
0.3118049017235114
0.2842721343849733
0.25268282729708114
0.21748775724854075
0.17918915496605414
0.13833353832355882
0.0955039135775546
0.05131145591623907
0.00638678804032751
-0.03862901877051573
-0.08309359269159612
-0.12637242794576872
-0.16784793914816515
-0.2069282741983308
-0.24305575996056486
-0.2757148602133451
-0.30443953230856946
-0.3288198775615968
-0.34850799047129
-0.3632229233017829
-0.3727546951816739
-0.37696728851205236
-0.3758005899275517
-0.3692712481168301
-0.3574724362625872
-0.3405725224827556
-0.318812667222057
-0.2925033818453124
-0.26202009752600225
-0.22779780772350355
-0.19032486090666795
-0.1501359924513636
-0.10780469540885401
-0.0639350384828253
-0.019153045553648537
0.02590224396081202
0.07058790714771826
0.11426632424549227
0.1563142712672303
0.19613176670649088
0.23315053464962182
0.2668419912150648
0.2967247492777779
0.3223717675951075
0.3434174201277375
0.3595648856876788
0.37059280114938986
0.37634799386064083
0.37673298444076553
0.371708095496348
0.3613069820874266
0.3456626848922308
0.32504299127883185
0.29989779179205156
0.27091052455539116
0.23901568390178618
0.20537145151089492
0.17129691636075556
0.1381847286877739
8.489091527104687
-0.16166654911685047
-0.19861257018694173
-0.23559955557999562
-0.2707662769398687
-0.302372927729569
-0.32891942664997226
-0.34923179793743075
-0.3625027040000721
-0.3682742278128542
-0.366376419421865
-0.356868514594289
-0.3399926447689047
-0.3161368938589219
-0.28580941942694577
-0.24962741954193887
-0.2083225654390994
-0.16273869507174846
-0.11381140792609923
-0.06254613401166156
-0.009996278604358522
0.04275874504502263
0.0946356220065695
0.14456922048482854
0.19153433727165295
0.23456669041812075
0.2727827123507228
0.30539770842468994
0.33174198579829856
0.3512746121667007
0.3635945231153368
0.36844875490271817
0.3657376367325263
0.355516836546541
0.33799621796201335
0.31353553135737705
0.28263702731283563
0.24593514399751734
0.2041834802753796
0.158239322056665
0.10904603964607343
0.057613717532950755
0.004998414349556994
-0.04771952115304977
-0.09945763287757307
-0.1491535834243131
-0.19578696703922635
-0.23840026158090769
-0.27611848929987737
-0.30816718273573895
-0.33388828683888944
-0.35275367079896236
-0.364375972141996
-0.3685165504347576
-0.36509038728300175
-0.35416783201211255
-0.3359731571861044
-0.31087995362447435
-0.2794034594709132
-0.24218998082092505
-0.20000362113435002
-0.1537105919174487
-0.10426142682292841
-0.052671464365372185
2.2072984899044438e-16
0.052671464365372685
0.10426142682292897
0.15371059191744912
0.2000036211343504
0.24218998082092527
0.2794034594709134
0.3108799536244741
0.33597315718610404
0.3541678320121121
0.36509038728300136
0.3685165504347571
0.3643759721419958
0.35275367079896236
0.3338882868388897
0.3081671827357395
0.2761184892998782
0.23840026158090852
0.19578696703922752
0.14915358342431412
0.09945763287757409
0.047719521153050795
-0.00499841434955613
-0.057613717532949915
-0.10904603964607268
-0.15823932205666424
-0.20418348027537886
-0.24593514399751673
-0.2826370273128352
-0.3135355313573767
-0.33799621796201285
-0.35551683654654087
-0.3657376367325263
-0.36844875490271833
-0.3635945231153373
-0.3512746121667012
-0.331741985798299
-0.30539770842469083
-0.27278271235072366
-0.23456669041812184
-0.19153433727165356
-0.1445692204848295
-0.09463562200656998
-0.04275874504502289
0.009996278604358614
0.06254613401166195
0.11381140792609981
0.16273869507174904
0.2083225654391005
0.24962741954194034
0.28580941942694754
0.31613689385892385
0.3399926447689069
0.35686851459429164
0.36637641942186777
0.36827422781285685
0.3625027040000748
0.34923179793743275
0.32891942664997376
0.30237292772957014
0.27076627693986965
0.23559955557999582
0.19861257018694295
0.16166654911685116
8.037208324013019
0.18301156403883762
0.2224256363424653
0.26047697902924605
0.2947981297008908
0.3232282922539395
0.34397046611254634
0.3557065423862096
0.3576526745421098
0.34954020673695857
0.3315385151391305
0.30417644011447914
0.2682744460512035
0.22488424464188173
0.175238610848823
0.12071663767640216
0.0628270386948352
0.003181141310279024
-0.05655595559325754
-0.11471521242238236
-0.16967172158807836
-0.21989047435330838
-0.26396913757002616
-0.3006770078329015
-0.32898922042785744
-0.34811529605864655
-0.35752120685228117
-0.35694430915511105
-0.34640069840320764
-0.3261847694553193
-0.29686099661264814
-0.2592481691494451
-0.21439652645143042
-0.16355843195803904
-0.10815340424192987
-0.049728481024806696
0.010084977484887998
0.069616839871987
0.12720483747779887
0.18124097885508514
0.23021644867413943
0.27276373738476795
0.307694825278983
0.33403435477343313
0.351046864668736
0.3582573259430017
0.3554644056718093
0.34274608871419804
0.32045750019355
0.2892209895746206
0.24990875321249156
0.20361848059256404
0.15164270427552967
0.09543270936848063
0.03655801025404307
-0.023337473918076886
-0.08258132129447855
-0.13951930524353218
-0.19256158422774491
-0.24022709389387456
-0.28118490184992057
-0.3142913704069987
-0.33862208961552503
-0.35349768895072964
-0.3585028069249389
-0.35349768895073064
-0.3386220896155271
-0.31429137040700156
-0.2811849018499241
-0.2402270938938789
-0.19256158422774938
-0.13951930524353673
-0.0825813212944832
-0.023337473918081542
0.03655801025403862
0.09543270936847636
0.15164270427552576
0.20361848059256038
0.24990875321248857
0.28922098957461834
0.32045750019354863
0.3427460887141972
0.35546440567180937
0.3582573259430027
0.3510468646687378
0.33403435477343546
0.30769482527898556
0.27276373738477083
0.2302164486741421
0.18124097885508783
0.12720483747780134
0.06961683987198919
0.010084977484890015
-0.049728481024804996
-0.10815340424192844
-0.16355843195803793
-0.2143965264514299
-0.25924816914944515
-0.2968609966126487
-0.32618476945532043
-0.34640069840320903
-0.3569443091551128
-0.3575212068522831
-0.34811529605864844
-0.3289892204278597
-0.3006770078329031
-0.2639691375700278
-0.21989047435330994
-0.16967172158807986
-0.1147152124223829
-0.05655595559325787
0.0031811413102786307
0.06282703869483564
0.12071663767640305
0.17523861084882428
0.22488424464188322
0.2682744460512048
0.30417644011448114
0.3315385151391323
0.3495402067369609
0.35765267454211247
0.3557065423862122
0.3439704661125481
0.32322829225394106
0.29479812970089164
0.26047697902924677
0.22242563634246632
0.18301156403883842
7.543099251684636
-0.20196763604300164
-0.24237832634341905
-0.2795544015195774
-0.3106240236194921
-0.3330610510360795
-0.3448882309399795
-0.34482348674354146
-0.3323470074006594
-0.30767129216925804
-0.2716339633368487
-0.22558128658788074
-0.17125784554259801
-0.11069996554506052
-0.04613785807121723
0.020085481055840917
0.08557377337285767
0.14794710369281316
0.20493338802743202
0.25445518998405525
0.29470716087895554
0.32422226385045116
0.34192509849191405
0.3471708243105985
0.3397684629102676
0.3199877726721766
0.2885494165182083
0.24659873513488847
0.1956640469345552
0.13760098058249962
0.0745248710936057
0.008733690521856952
-0.05737567409744915
-0.12139474455833002
-0.18099119641795092
-0.23399382916304998
-0.27847166643696697
-0.31280430467660225
-0.3357409471823432
-0.346445972824603
-0.34452937918827065
-0.330060991043919
-0.3035679165125362
-0.26601534361015744
-0.2187713767934458
-0.16355719457273574
-0.10238434403523297
-0.03748145674499138
0.028786944115938348
0.0940065873706786
0.15580140987542587
0.21192012056343637
0.2603182188288498
0.29923247918033646
0.32724518856125556
0.3433357960609059
0.3469180933295648
0.33786157115121346
0.3164961741174745
0.28360028018186295
0.2403723430197396
0.18838723031129687
0.12953884861859555
0.06597114513050799
9.128985856868959e-16
-0.06597114513050614
-0.12953884861859385
-0.1883872303112952
-0.24037234301973803
-0.28360028018186156
-0.31649617411747355
-0.33786157115121257
-0.34691809332956436
-0.3433357960609057
-0.32724518856125584
-0.299232479180337
-0.26031821882885053
-0.21192012056343734
-0.1558014098754272
-0.09400658737068023
-0.028786944115940204
0.03748145674498911
0.10238434403523028
0.16355719457273285
0.2187713767934429
0.2660153436101543
0.3035679165125332
0.3300609910439163
0.34452937918826837
0.34644597282460105
0.33574094718234176
0.31280430467660086
0.2784716664369659
0.23399382916304937
0.1809911964179506
0.12139474455832998
0.057375674097449536
-0.00873369052185602
-0.07452487109360431
-0.1376009805824978
-0.195664046934553
-0.24659873513488603
-0.2885494165182054
-0.31998777267217354
-0.3397684629102637
-0.3471708243105952
-0.3419250984919108
-0.32422226385044806
-0.2947071608789522
-0.2544551899840527
-0.20493338802743036
-0.14794710369281136
-0.08557377337285735
-0.02008548105584107
0.046137858071216925
0.11069996554505976
0.1712578455425969
0.22558128658787924
0.27163396333684636
0.3076712921692546
0.3323470074006567
0.344823486743538
0.3448882309399759
0.3330610510360757
0.3106240236194895
0.2795544015195755
0.2423783263434161
0.2019676360429996
7.016654703096338
0.21832641719561197
0.2582052818788027
0.29255721142346736
0.31805951357357204
0.3319437202676722
0.33224873911373665
0.3179947128641355
0.28924993692088496
0.24706995906964124
0.19333357124544567
0.13055755382605005
0.06171106780675239
-0.009969699293669667
-0.08115701145338099
-0.1485839775682257
-0.20916468736951876
-0.26011599066725655
-0.299091528363314
-0.32429464167172684
-0.3345631898230713
-0.32942357628894925
-0.3091123854408462
-0.27456516644918927
-0.22737311578977423
-0.1697096995487602
-0.10423055578561849
-0.03395122929608293
0.03789167231509573
0.10798952263141867
0.17311405206543368
0.23026602728116946
0.2768133810692982
0.31061243033860114
0.3301066006953663
0.33439811203059927
0.32328932427381235
0.2972918393030992
0.2576029397487642
0.20605044965843375
0.1450085563304245
0.0772884700208494
0.006008957068213759
-0.06554729111066096
-0.13408483839354318
-0.1964472712640345
-0.2497625636031166
-0.2915753443636807
-0.31995997670184767
-0.3336092408432225
-0.33189453650224277
-0.31489483230511245
-0.2833930289856934
-0.23883990384292297
-0.18328729695400295
-0.11929361617119888
-0.04980601275489152
0.021975346098972153
0.09274465707309781
0.15924272548635546
0.21840706354714964
0.2675129295098551
0.30429881234723494
0.32707058289462715
0.3347795149114283
0.3270705828946275
0.30429881234723544
0.26751292950985583
0.21840706354715037
0.15924272548635626
0.09274465707309842
0.021975346098972535
-0.04980601275489126
-0.11929361617119873
-0.18328729695400311
-0.23883990384292325
-0.28339302898569363
-0.31489483230511284
-0.33189453650224343
-0.33360924084322346
-0.3199599767018486
-0.2915753443636819
-0.24976256360311805
-0.19644727126403622
-0.1340848383935449
-0.06554729111066253
0.006008957068212496
0.0772884700208485
0.14500855633042414
0.20605044965843386
0.2576029397487651
0.2972918393031007
0.32328932427381424
0.3343981120306015
0.33010660069536857
0.3106124303386033
0.27681338106930026
0.2302660272811712
0.1731140520654351
0.10798952263141968
0.03789167231509629
-0.03395122929608244
-0.10423055578561849
-0.16970969954876033
-0.22737311578977515
-0.27456516644919005
-0.30911238544084724
-0.329423576288951
-0.3345631898230732
-0.3242946416717284
-0.2990915283633155
-0.26011599066725816
-0.20916468736951918
-0.14858397756822644
-0.08115701145338144
-0.009969699293669898
0.061711067806752666
0.13055755382605105
0.19333357124544634
0.24706995906964238
0.2892499369208864
0.31799471286413683
0.332248739113738
0.331943720267673
0.31805951357357376
0.2925572114234686
0.2582052818788037
0.21832641719561294
6.468007195822034
-0.23192675584899267
-0.2697388693685282
-0.2993911569341216
-0.317223848216849
-0.32042164532435946
-0.3073137979997475
-0.2775617113593456
-0.23220087180702279
-0.17351432923132615
-0.10477035013332198
-0.029924623630869156
0.04668268434627555
0.12062759915427267
0.18768262978264227
0.24405493932815917
0.28656643889286537
0.3128110513295031
0.32129850500931345
0.31154474360215206
0.28410184289735996
0.24052721526824178
0.18329493346742362
0.11565485069839972
0.04144779245423824
-0.035112638289706614
-0.10967930600657638
-0.17801832543759602
-0.23624942094095153
-0.2810662328120291
-0.3099240550658579
-0.3211843315534908
-0.31420769836728923
-0.2893902886107072
-0.24814123957624065
-0.19280268087533073
-0.1265167473043251
-0.053047167607322095
0.023434440768556247
0.09858543685495957
0.16813873211711597
0.2281450765693005
0.27519729798171133
0.3066237618119457
0.32064006715646026
0.31645036539340027
0.2942925486260077
0.2554247421201221
0.2020538676991436
0.13721033428141485
0.06457597065613195
-0.011725029491117946
-0.08736028012010173
-0.15803519658127316
-0.21973684299063218
-0.26896178753139
-0.30291502801284803
-0.3196686926534883
-0.31827150502609336
-0.2988027977234346
-0.2623680078377938
-0.2110359100218959
-0.14772115105059572
-0.07601875559438828
-1.415155907391496e-15
0.07601875559438545
0.14772115105059322
0.21103591002189379
0.2623680078377922
0.2988027977234336
0.3182715050260929
0.3196686926534882
0.3029150280128485
0.26896178753139083
0.21973684299063317
0.1580351965812746
0.08736028012010329
0.011725029491119716
-0.0645759706561299
-0.13721033428141277
-0.2020538676991414
-0.2554247421201202
-0.29429254862600573
-0.3164503653933986
-0.32064006715645904
-0.3066237618119448
-0.2751972979817108
-0.2281450765693004
-0.168138732117116
-0.09858543685495992
-0.023434440768556764
0.05304716760732149
0.12651674730432438
0.19280268087532984
0.24814123957623963
0.28939028861070604
0.3142076983672879
0.3211843315534893
0.3099240550658565
0.2810662328120275
0.23624942094095022
0.17801832543759488
0.10967930600657595
0.035112638289706226
-0.04144779245423745
-0.11565485069839901
-0.18329493346742307
-0.2405272152682404
-0.2841018428973581
-0.3115447436021501
-0.3212985050093111
-0.3128110513295014
-0.2865664388928632
-0.24405493932815678
-0.18768262978264025
-0.12062759915427089
-0.04668268434627493
0.029924623630869323
0.10477035013332181
0.17351432923132493
0.23220087180702104
0.27756171135934354
0.30731379799974556
0.32042164532435763
0.3172238482168461
0.2993911569341189
0.26973886936852604
0.23192675584899067
5.907230286195122
0.24265710519669917
0.2769118124386666
0.3001418205694795
0.3085281728523965
0.2994741046140592
0.27193797173510664
0.2266064874412796
0.16587060680534882
0.09358250637970762
0.014639694277585777
-0.06547748277360207
-0.14116898739686046
-0.20715910802326593
-0.25888998591032
-0.2928310640289335
-0.3066805025636443
-0.29949686921055346
-0.2717725049400151
-0.22540664248551318
-0.16357794839627832
-0.09052704724113186
-0.01126526428806062
0.06876966182729459
0.14408695489444434
0.2095196038827038
0.26057881430156793
0.2937618827758224
0.3067924361788321
0.29877657512767114
0.27026420068385987
0.22321129997271827
0.16084576868450717
0.08744597434715451
0.008047253296385375
-0.0719035220593352
-0.14692160760251172
-0.21186064944159444
-0.26226573148021515
-0.29467898923970604
-0.30687682448021925
-0.2980224473602398
-0.2687232814880531
-0.22098929376412815
-0.1580951076354608
-0.08435535899823605
-0.004828705675575976
0.0750292041305304
0.14973999752452102
0.21417840154982068
0.26392384463321117
0.295563714452763
0.3069274682830275
0.29723553549522286
0.26715279727657487
0.21874297477945986
0.1553270547419981
0.0812554647957567
0.0016096275776121879
-0.0781466325167781
-0.15254191591612803
-0.2164725941251302
-0.26555292632631533
-0.2964159278059288
-0.30694435017664334
-0.2964159278059279
-0.2655529263263134
-0.21647259412512754
-0.15254191591612498
-0.07814663251677503
0.0016096275776153236
0.08125546479575957
0.15532705474200026
0.21874297477946134
0.26715279727657554
0.2972355354952229
0.3069274682830268
0.29556371445276164
0.2639238446332093
0.21417840154981854
0.14973999752451886
0.07502920413052837
-0.004828705675577589
-0.08435535899823718
-0.15809510763546153
-0.22098929376412815
-0.2687232814880527
-0.29802244736023886
-0.30687682448021786
-0.29467898923970454
-0.26226573148021326
-0.21186064944159255
-0.14692160760251
-0.07190352205933358
0.008047253296386581
0.08744597434715523
0.16084576868450753
0.2232112999727181
0.2702642006838594
0.29877657512767025
0.3067924361788307
0.2937618827758208
0.2605788143015659
0.20951960388270205
0.14408695489444187
0.06876966182729245
-0.011265264288062042
-0.09052704724113315
-0.16357794839627887
-0.22540664248551315
-0.27177250494001437
-0.2994968692105518
-0.3066805025636424
-0.29283106402893144
-0.2588899859103179
-0.20715910802326337
-0.1411689873968587
-0.06547748277360077
0.014639694277586747
0.09358250637970761
0.16587060680534818
0.2266064874412783
0.2719379717351057
0.2994741046140573
0.30852817285239503
0.3001418205694769
0.27691181243866414
0.24265710519669692
5.344053018124413
-0.2504568907339358
-0.2797571143791902
-0.29506800202253025
-0.29265169711659283
-0.27045421136338643
-0.22844206416948634
-0.16871557134880702
-0.0953601925460362
-0.01402172998575224
0.06872621776954159
0.14605974137645233
0.21155702894541142
0.2597871948287658
0.28678684569854573
0.2903781140617337
0.27029919016712944
0.22819622065121714
0.16749988407748415
0.09315395748633731
0.01121564328514189
-0.07163753637751173
-0.1486524828377145
-0.21355157650656417
-0.26104475479158123
-0.28726083196624214
-0.2900630008644792
-0.26922291449728764
-0.2264392339088643
-0.16519915342370972
-0.09049417616456942
-0.00841328394029432
0.07435335041007025
0.15105965788356335
0.21545352707425744
0.262286397369416
0.2877410550130288
0.2897427635151894
0.26812836936186457
0.2246595999984704
0.16287947035287537
0.08782350180801926
0.0056092912987456105
-0.07706211646019162
-0.15345241191300493
-0.21733524096369083
-0.2635036972602217
-0.2881947222150956
-0.28939582113034756
-0.26700909587439536
-0.22285922427793886
-0.16054473587184176
-0.08514470605574977
-0.0028047752153501993
0.07976376481624044
0.1558309889257902
0.21919687563255916
0.2646966530741861
0.2886217647625071
0.28902214339673654
0.26586515526160603
0.2210382601079897
0.15819516971677272
0.08245804432061955
-2.87223980310822e-16
-0.08245804432062005
-0.15819516971677322
-0.22103826010799002
-0.2658651552616065
-0.28902214339673676
-0.2886217647625072
-0.2646966530741862
-0.21919687563255918
-0.15583098892579011
-0.07976376481624008
0.002804775215350783
0.08514470605575061
0.160544735871843
0.22285922427794005
0.267009095874397
0.2893958211303491
0.28819472221509707
0.26350369726022277
0.2173352409636913
0.1534524119130048
0.07706211646019084
-0.00560929129874711
-0.08782350180802131
-0.16287947035287775
-0.22465959999847296
-0.268128369361867
-0.28974276351519174
-0.28774105501303077
-0.26228639736941745
-0.21545352707425816
-0.1510596578835635
-0.07435335041006962
0.008413283940295568
0.09049417616457138
0.16519915342371208
0.22643923390886714
0.2692229144972903
0.29006300086448156
0.2872608319662438
0.2610447547915824
0.21355157650656464
0.14865248283771376
0.07163753637751048
-0.011215643285143849
-0.09315395748633948
-0.1674998840774866
-0.22819622065121947
-0.27029919016713166
-0.29037811406173597
-0.2867868456985477
-0.2597871948287673
-0.21155702894541217
-0.14605974137645278
-0.06872621776954169
0.014021729985752882
0.09536019254603749
0.16871557134880882
0.2284420641694883
0.27045421136338865
0.2926516971165955
0.29506800202253247
0.2797571143791918
0.25045689073393745
4.78760042217209
0.2553168177599899
0.2784053010556126
0.28458931407535687
0.2705070421781791
0.2350111768106255
0.1794618299288834
0.1077156301185848
0.02577864783428384
-0.058873507386558
-0.13820473038761366
-0.20454355712140992
-0.2514210322290405
-0.2742592470267011
-0.2708444132279563
-0.24153094578968773
-0.18915366608745546
-0.11872426106138857
-0.036965908818209374
0.048318960313044876
0.1289899033672687
0.19734517578216965
0.24685779361751042
0.27279955432236846
0.27269299838957595
0.24654812525012987
0.19686138936701011
0.1283772156375832
0.047634896962400315
-0.0376558364873715
-0.1193509723383115
-0.18964983227577295
-0.24183991265267682
-0.27093782820840784
-0.2741651540240856
-0.25121372650412316
-0.2042750696833228
-0.1378311370607546
-0.05822635051088552
0.026938199306560034
0.10953054586927785
0.1816643304521381
0.23645183377752108
0.2686616522267153
0.2752182201972217
0.2554954815410587
0.21137666875635577
0.14707448188807226
0.06872883741454418
-0.01617940379370716
-0.09954274905373552
-0.17340122060460764
-0.23070241682833362
-0.2659749132496226
-0.2758507033880173
-0.25938679401766784
-0.21815524720054139
-0.15609307139848536
-0.07912629486303017
0.005395883215112906
0.08940283352430613
0.1648731234540437
0.22460044635304613
0.2628817182041333
0.2760616385676647
0.2628817182041334
0.22460044635304646
0.1648731234540441
0.08940283352430654
0.005395883215113566
-0.07912629486302963
-0.15609307139848494
-0.21815524720054094
-0.2593867940176674
-0.275850703388017
-0.26597491324962236
-0.23070241682833356
-0.17340122060460775
-0.09954274905373572
-0.016179403793707588
0.06872883741454375
0.14707448188807157
0.21137666875635513
0.2554954815410578
0.2752182201972208
0.2686616522267142
0.23645183377752002
0.18166433045213704
0.10953054586927687
0.026938199306559486
-0.05822635051088572
-0.13783113706075428
-0.20427506968332196
-0.2512137265041221
-0.2741651540240842
-0.2709378282084062
-0.24183991265267496
-0.18964983227577117
-0.11935097233831023
-0.03765583648737066
0.04763489696240059
0.12837721563758275
0.196861389367009
0.2465481252501287
0.27269299838957417
0.2727995543223663
0.2468577936175085
0.19734517578216795
0.12898990336726734
0.048318960313043835
-0.03696590881820962
-0.11872426106138849
-0.18915366608745432
-0.24153094578968587
-0.2708444132279544
-0.2742592470266993
-0.2514210322290389
-0.2045435571214086
-0.13820473038761294
-0.05887350738655739
0.02577864783428415
0.10771563011858454
0.1794618299288826
0.23501117681062472
0.2705070421781772
0.28458931407535515
0.27840530105561145
0.2553168177599883
4.2461690148340505
-0.257278124243498
-0.27307909111060386
-0.26926850145945774
-0.2431964512225744
-0.1949994066890604
-0.12778208521663126
-0.04740116199044442
0.03816329707465025
0.11981291845489099
0.18855710481737156
0.23668161605992918
0.25871570536664873
0.2521128486747529
0.21756984533309373
0.1589396146742216
0.08274352275284742
-0.002585842820775979
-0.08762050873984913
-0.1629675781480602
-0.22030303619507718
-0.25329123096778766
-0.25828601299461845
-0.23473470936562552
-0.1852397883157169
-0.11527138925870903
-0.032562664401962746
0.05374505843305734
0.1341127024365676
0.19965775640082203
0.24313598005090642
0.25974203663405876
0.2476405816065696
0.20816910892260734
0.14569012974945994
0.06710901689473657
-0.018889197335283166
-0.10279971819468364
-0.17534848890291413
-0.22851718919313116
-0.25642944568373754
-0.2560003073088944
-0.2272772038274876
-0.17343470367808958
-0.10042365058951493
-0.01631345747582087
0.06959975063692633
0.14782057379370817
0.20970379879442116
0.24840989554734869
0.2596609436058508
0.2422134414909679
0.1979957424151332
0.13189492657551088
0.05121666556664765
-0.03512222359093254
-0.11757929331913455
-0.18704112702205025
-0.23583058276223892
-0.2585552953111989
-0.2527036574390968
-0.21892241070335944
-0.16094516552267302
-0.08517975072427873
9.151580227678189e-16
0.0851797507242804
0.16094516552267443
0.21892241070336038
0.25270365743909723
0.2585552953111989
0.23583058276223837
0.18704112702204934
0.11757929331913353
0.035122223590931194
-0.05121666556664909
-0.13189492657551216
-0.19799574241513435
-0.2422134414909689
-0.25966094360585146
-0.24840989554734907
-0.20970379879442105
-0.14782057379370764
-0.06959975063692539
0.016313457475822007
0.10042365058951626
0.17343470367809086
0.2272772038274888
0.25600030730889545
0.2564294456837381
0.22851718919313144
0.1753484889029139
0.10279971819468302
0.018889197335282416
-0.0671090168947375
-0.14569012974946094
-0.20816910892260823
-0.2476405816065704
-0.2597420366340593
-0.243135980050907
-0.19965775640082212
-0.13411270243656753
-0.05374505843305709
0.03256266440196346
0.11527138925870986
0.18523978831571725
0.2347347093656263
0.2582860129946191
0.2532912309677879
0.22030303619507732
0.16296757814805993
0.08762050873984843
0.0025858428207754165
-0.0827435227528483
-0.15893961467422227
-0.2175698453330942
-0.2521128486747535
-0.2587157053666493
-0.23668161605992885
-0.18855710481737167
-0.11981291845489074
-0.03816329707464997
0.047401161990444446
0.12778208521663179
0.1949994066890611
0.24319645122257497
0.26926850145945785
0.2730790911106033
0.2572781242434983
3.7270443149629124
0.2564308081907956
0.26408567226936186
0.24978917538467907
0.2119609315301655
0.1523795478440486
0.07616714654073344
-0.008725101892548152
-0.09250864645640486
-0.16493905219837318
-0.21686152403377967
-0.24156298961291287
-0.23574563500804685
-0.20002543308459084
-0.13889307822233765
-0.06013165046084771
0.026239533572210184
0.10927367067222024
0.17846253126717362
0.2250531546073072
0.24315110638165488
0.23046637584005922
0.18860453890249584
0.12286472427416754
0.04156939933384483
-0.04498914438745443
-0.12585198914420004
-0.19078125033257415
-0.23155637830307213
-0.24301495739793047
-0.22370627230280785
-0.17607494551388764
-0.10615141728512567
-0.022788452533969383
0.06345967085068135
0.1416733963290292
0.20195037187869155
0.2366591504535979
0.24140538022086155
0.2155881579705524
0.1624761075444319
0.08879355133129953
0.0038691683054626726
-0.08154507598187306
-0.15663519646707846
-0.21189430766405482
-0.24032625564500867
-0.23833137548591088
-0.2061622316707754
-0.14789164182686407
-0.07089703218512945
0.015073591367321388
0.099135802654798
0.17064679259715354
0.22055281633745674
0.24253545476089405
0.23381156642684073
0.19548565092618583
0.13241001222822588
0.05257042622430984
-0.03392490914662345
-0.11612513586433676
-0.18362318390411322
-0.2278733723045854
-0.24327334657502664
-0.2278733723045854
-0.1836231839041135
-0.11612513586433687
-0.03392490914662351
0.05257042622430968
0.13241001222822602
0.19548565092618606
0.23381156642684095
0.24253545476089428
0.220552816337457
0.1706467925971539
0.09913580265479816
0.015073591367321478
-0.07089703218512931
-0.147891641826864
-0.20616223167077538
-0.23833137548591096
-0.24032625564500867
-0.21189430766405465
-0.15663519646707802
-0.08154507598187266
0.0038691683054633114
0.08879355133130007
0.16247610754443248
0.2155881579705528
0.2414053802208617
0.2366591504535977
0.2019503718786913
0.1416733963290286
0.06345967085068041
-0.02278845253397036
-0.10615141728512671
-0.1760749455138882
-0.2237062723028083
-0.24301495739793058
-0.2315563783030717
-0.19078125033257365
-0.1258519891441994
-0.044989144387453675
0.041569399333846006
0.12286472427416817
0.1886045389024961
0.23046637584005913
0.2431511063816546
0.22505315460730715
0.17846253126717315
0.10927367067221981
0.026239533572209258
-0.06013165046084889
-0.1388930782223387
-0.2000254330845918
-0.23574563500804763
-0.241562989612913
-0.21686152403377904
-0.16493905219837282
-0.092508646456404
-0.008725101892547648
0.0761671465407342
0.1523795478440493
0.21196093153016635
0.24978917538467962
0.2640856722693615
0.2564308081907959
3.236365206783394
-0.25291088158041075
-0.25180682802581444
-0.2269298103390913
-0.17812467993107625
-0.10911695139600783
-0.027198540905851096
0.05767994243744964
0.13432952370070667
0.19209501604149765
0.22266599826665023
0.22148332093578618
0.18852676970648172
0.1284034293224222
0.04972521306016128
-0.03614703785011924
-0.11681721228825406
-0.18067964219682162
-0.21856256016495634
-0.22502996729918212
-0.19915733788092374
-0.14466436479853487
-0.06938204539538827
0.015871225470100135
0.09884365668666746
0.16761073189303177
0.21228918920789708
0.2264576877102019
0.20807982492607396
0.15979682865204017
0.08854791809052806
0.004572960808948813
-0.08005921182415658
-0.1531853272634364
-0.2042957607578601
-0.22604496460308376
-0.21530716219307372
-0.17362558239280487
-0.10699066895397776
-0.024979139441981192
0.06062237286875893
0.1375112848612399
0.19463718147865455
0.22378997295729172
0.22077984261895817
0.1860394040695266
0.12456152627860616
0.04518176229534085
-0.040691489605674584
-0.12071659209600777
-0.18339239935817234
-0.21971119286226337
-0.22445326370380586
-0.196937085129859
-0.14111726103734928
-0.06501617336077327
0.020428988453015284
0.10293811185087397
0.17065304944936763
0.21384186280297363
0.22629748906857916
0.20622981527532047
0.15652295197585983
0.08432073110897803
-4.79608145247765e-16
-0.08432073110897875
-0.1565229519758605
-0.20622981527532097
-0.22629748906857938
-0.21384186280297354
-0.17065304944936727
-0.10293811185087334
-0.02042898845301464
0.06501617336077409
0.14111726103735012
0.19693708512985952
0.22445326370380608
0.21971119286226326
0.18339239935817184
0.12071659209600699
0.0406914896056737
-0.04518176229534164
-0.12456152627860692
-0.18603940406952682
-0.2207798426189581
-0.22378997295729133
-0.1946371814786538
-0.13751128486123917
-0.060622372868758066
0.024979139441981546
0.10699066895397777
0.17362558239280443
0.21530716219307286
0.2260449646030829
0.20429576075785924
0.15318532726343567
0.08005921182415611
-0.00457296080894892
-0.08854791809052781
-0.15979682865203956
-0.20807982492607308
-0.2264576877102011
-0.2122891892078957
-0.1676107318930309
-0.09884365668666734
-0.015871225470099906
0.06938204539538835
0.14466436479853434
0.19915733788092288
0.2250299672991811
0.2185625601649552
0.1806796421968206
0.11681721228825337
0.03614703785011846
-0.049725213060161866
-0.12840342932242285
-0.1885267697064819
-0.22148332093578596
-0.22266599826665
-0.19209501604149726
-0.1343295237007057
-0.05767994243744911
0.027198540905851578
0.10911695139600816
0.17812467993107634
0.2269298103390911
0.251806828025815
0.25291088158041075
2.7790376598680644
0.24689672448246575
0.23668721610544075
0.20153496940264598
0.14303731466306413
0.06708305916536379
-0.016869781338841747
-0.09717934798270716
-0.16190131201740077
-0.2009111371812237
-0.20785689792368803
-0.1814194812991874
-0.1256667847778065
-0.04948461531433475
0.03482169265020623
0.11354240341386303
0.1738746121707773
0.20604246470738444
0.20484905051891555
0.17049813666707428
0.10855499570483261
0.029045977674773522
-0.05516192874848486
-0.13044159898137653
-0.1846103099403016
-0.20890134352209003
-0.1993831304539118
-0.15759588546950587
-0.09030250940423036
-0.008394061366274304
0.07487296827567239
0.14602221006132074
0.1935385167040134
0.20973162505707968
0.19198077324970744
0.14315884892491063
0.07116742480457658
-0.012342068265940358
-0.09385406196713847
-0.1601762724636211
-0.20057480134369918
-0.2085113604382335
-0.18270145945706173
-0.1273222941351814
-0.05133668925509025
0.03295748714704592
0.11191766868870758
0.1727645678383817
0.20565043597674595
0.2052528693877655
0.17163621212527683
0.11024114226442852
0.031004126947951034
-0.053250742233929574
-0.12888726059852104
-0.18366405793248722
-0.20871579947709792
-0.19998799344202767
-0.15889318904462943
-0.09208236289467599
-0.010368493628352416
0.07302346145961322
0.14459695576502576
0.19276819801571285
0.20974092758519491
0.1927681980157127
0.14459695576502554
0.07302346145961283
-0.010368493628352727
-0.0920823628946761
-0.15889318904462954
-0.1999879934420277
-0.20871579947709806
-0.1836640579324872
-0.12888726059852104
-0.053250742233929615
0.03100412694795084
0.11024114226442834
0.1716362121252765
0.20525286938776516
0.20565043597674576
0.17276456783838182
0.11191766868870752
0.03295748714704598
-0.05133668925509019
-0.12732229413518126
-0.1827014594570617
-0.20851136043823368
-0.20057480134369943
-0.1601762724636216
-0.09385406196713883
-0.012342068265940639
0.07116742480457641
0.14315884892491085
0.19198077324970786
0.20973162505708015
0.19353851670401412
0.14602221006132135
0.07487296827567307
-0.008394061366273967
-0.09030250940423043
-0.15759588546950618
-0.19938313045391243
-0.20890134352209147
-0.18461030994030242
-0.13044159898137767
-0.05516192874848559
0.029045977674773092
0.10855499570483292
0.17049813666707492
0.20484905051891675
0.20604246470738521
0.17387461217077838
0.11354240341386401
0.03482169265020669
-0.04948461531433491
-0.12566678477780727
-0.18141948129918886
-0.20785689792368983
-0.20091113718122547
-0.1619013120174017
-0.0971793479827082
-0.016869781338841778
0.06708305916536422
0.14303731466306432
0.20153496940264717
0.23668721610544277
0.24689672448246777
2.358697991310372
-0.23860463277859073
-0.2192211474001031
-0.1744848059728635
-0.10801649031010821
-0.027964955710165662
0.05422987618883511
0.12575811796532568
0.17476416817438092
0.19270993874035114
0.17627264644328844
0.12819911612852347
0.05695682700018606
-0.024706191176676526
-0.10202925212331927
-0.16094020009185242
-0.19070740910407563
-0.18593391542971802
-0.14749656478602946
-0.08236433466410449
-0.0023303986124586537
0.07812109291431991
0.14443305453369218
0.18460733825349548
0.19137489477790914
0.16351118681162105
0.10605822554527015
0.029412582815150645
-0.05255580470661893
-0.12501360418259547
-0.1748484881136725
-0.19304207466221507
-0.17630195586459946
-0.12765749556509098
-0.05591160582062926
0.025952275295678416
0.1031197225847303
0.16162620066688363
0.19088414044639768
0.18559890709016852
0.14672693839775827
0.08130266431069952
0.0011655282471091193
-0.07918252665124527
-0.1452013883332293
-0.18494401396786164
-0.19121841568081832
-0.16288915208568708
-0.10508280239387813
-0.028260239692200685
0.05367641137852744
0.12589955986957527
0.17533940992621416
0.1930491244097934
0.1758238810761816
0.12678083029433748
0.05479500278771993
-0.02710675216372581
-0.10410315856054858
-0.16226063230723542
-0.1910547594842169
-0.1852748372644412
-0.14596682397350727
-0.08024405820018857
-1.1278597714654547e-15
0.08024405820018643
0.14596682397350577
0.18527483726444077
0.19105475948421738
0.16226063230723664
0.10410315856055066
0.027106752163728057
-0.054795002787717866
-0.12678083029433598
-0.17582388107618113
-0.19304912440979374
-0.1753394099262155
-0.12589955986957738
-0.05367641137852989
0.02826023969219851
0.10508280239387657
0.1628891520856864
0.19121841568081843
0.1849440139678626
0.14520138833323085
0.07918252665124713
-0.0011655282471073887
-0.08130266431069819
-0.1467269383977575
-0.1855989070901686
-0.19088414044639826
-0.16162620066688477
-0.10311972258473164
-0.025952275295679735
0.05591160582062831
0.12765749556509043
0.1763019558645994
0.19304207466221557
0.17484848811367337
0.12501360418259658
0.0525558047066202
-0.029412582815149645
-0.10605822554526995
-0.16351118681162144
-0.19137489477790998
-0.18460733825349654
-0.14443305453369332
-0.07812109291432089
0.002330398612458482
0.08236433466410456
0.14749656478602993
0.18593391542971902
0.1907074091040763
0.16094020009185345
0.10202925212332006
0.024706191176676853
-0.05695682700018606
-0.12819911612852375
-0.17627264644328935
-0.1927099387403521
-0.1747641681743821
-0.12575811796532638
-0.054229876188836096
0.02796495571016565
0.10801649031010904
0.17448480597286434
0.21922114740010404
0.2386046327785922
1.9777236450017956
0.22828367063559202
0.1999382504609814
0.14666393134264918
0.07429340907937045
-0.006812218421594992
-0.08360495581956899
-0.1428223328135633
-0.1736711050494642
-0.17024779982457716
-0.1331211694749284
-0.0694922054337268
0.008099437804912351
0.08420261466587506
0.14352381409723974
0.1740397508417317
0.16953500872176533
0.1309075686915291
0.06594168364552297
-0.012284506268439185
-0.08803572774421427
-0.14608136693494322
-0.17475356100526604
-0.16829007242200122
-0.12799163677656733
-0.061960564173435095
0.016527645344407763
0.09169286516135862
0.14842280430645863
0.17531148398977917
0.16695264014730235
0.12502679708092895
0.05796341204858983
-0.02075394579085679
-0.09529858732842662
-0.15068278409120317
-0.17577115718232364
-0.16551951819733918
-0.12198903360785913
-0.053931810585808766
0.02496877490241755
0.09884921468860046
0.15285533568298543
0.17612883380824804
0.16399041120477797
0.11888058162147268
0.04986898837613843
-0.029169110150835592
-0.10234255725274191
-0.15493932496147633
-0.17638446910954067
-0.16236629504648328
-0.11570325368417424
-0.04577727242958816
0.033352546252704306
0.1057766046893301
0.1569335447135683
0.17653790949716147
0.16064810582668815
0.11245888869729298
0.04165903371145227
-0.03751665830794458
-0.10914936653644317
-0.1588368392427229
-0.17658906617157816
-0.1588368392427234
-0.10914936653644379
-0.03751665830794536
0.041659033711451465
0.11245888869729226
0.16064810582668762
0.17653790949716133
0.1569335447135687
0.1057766046893307
0.033352546252705194
-0.04577727242958719
-0.11570325368417331
-0.16236629504648267
-0.17638446910954028
-0.15493932496147644
-0.10234255725274248
-0.029169110150836463
0.04986898837613752
0.11888058162147194
0.16399041120477736
0.17612883380824762
0.15285533568298576
0.09884921468860106
0.02496877490241863
-0.05393181058580757
-0.12198903360785787
-0.1655195181973381
-0.17577115718232286
-0.1506827840912029
-0.09529858732842685
-0.020753945790857476
0.05796341204858875
0.12502679708092748
0.16695264014730118
0.1753114839897781
0.1484228043064578
0.09169286516135872
0.016527645344408592
-0.061960564173434
-0.12799163677656608
-0.16829007242200011
-0.1747535610052648
-0.1460813669349425
-0.08803572774421443
-0.012284506268439823
0.06594168364552176
0.13090756869152817
0.16953500872176394
0.17403975084173043
0.14352381409723888
0.08420261466587445
0.008099437804912431
-0.0694922054337261
-0.1331211694749273
-0.17024779982457583
-0.1736711050494632
-0.14282233281356235
-0.08360495581956884
-0.006812218421595107
0.0742934090793704
0.14666393134264763
0.19993825046097966
0.22828367063559046
1.6372874767494385
-0.21620995434720722
-0.17938843139089192
-0.11893073845555806
-0.04296356733535498
0.03614608764955651
0.10429668113963143
0.14863307651460936
0.16043219620920207
0.13732810866562328
0.08428060945774615
0.01276955237706976
-0.06159636991941765
-0.1224519463658691
-0.15627537819483073
-0.1554382708613081
-0.12003702506464829
-0.05793069963625566
0.017062463213205478
0.08826645118600614
0.13985882428988938
0.16038155764545883
0.14528034755509206
0.09791238575160817
0.02879946028616541
-0.04670857350642454
-0.11184208561910342
-0.15213548686515632
-0.1586397854234743
-0.12991027763249396
-0.07232764332031529
0.0013190683470399092
0.07467287712362347
0.13144181046518827
0.15901740638888415
0.15127508393485958
0.1099344184502406
0.04417721444595468
-0.031391788609384824
-0.09998864504192181
-0.14637793192877654
-0.16025654847512547
-0.13854204258717828
-0.0860572257921382
-0.014459022666291697
0.06035054218265576
0.12175619776009423
0.15611969316177393
0.1558088653311762
0.12089274935691904
0.05912624575440251
-0.015772249861026322
-0.0871677147052544
-0.1392031522563661
-0.16032144535139564
-0.14583220223091733
-0.09895349673570732
-0.0300971312301156
0.04544383400373603
0.11089168311420208
0.15171039035611653
0.15883408439201782
0.13068058641374253
0.07350281346898858
3.577888097324162e-17
-0.07350281346898856
-0.13068058641374244
-0.1588340843920181
-0.15171039035611694
-0.11089168311420235
-0.045443834003736416
0.03009713123011547
0.09895349673570751
0.1458322022309177
0.16032144535139628
0.13920315225636673
0.08716771470525489
0.015772249861026714
-0.0591262457544023
-0.12089274935691917
-0.15580886533117666
-0.15611969316177454
-0.12175619776009482
-0.060350542182656175
0.014459022666291505
0.08605722579213833
0.1385420425871785
0.16025654847512602
0.14637793192877707
0.09998864504192241
0.03139178860938528
-0.044177214445954634
-0.10993441845024092
-0.15127508393486022
-0.15901740638888487
-0.13144181046518894
-0.07467287712362397
-0.0013190683470400441
0.07232764332031513
0.12991027763249416
0.15863978542347476
0.15213548686515702
0.11184208561910408
0.0467085735064252
-0.028799460286164896
-0.09791238575160775
-0.14528034755509267
-0.16038155764545972
-0.1398588242898905
-0.0882664511860073
-0.01706246321320606
0.05793069963625534
0.12003702506464864
0.15543827086130851
0.15627537819483178
0.1224519463658698
0.06159636991941811
-0.012769552377069423
-0.08428060945774642
-0.13732810866562364
-0.16043219620920288
-0.1486330765146096
-0.10429668113963174
-0.03614608764955675
0.04296356733535488
0.11893073845555795
0.17938843139089267
0.21620995434720797
