7 0.99 60.0
39.730396184344926
-0.19066318818776495
-0.20212519630231743
-0.2138508207559391
-0.22581869065332297
-0.23800689974872927
-0.2503931048882966
-0.262954625024807
-0.2756685403559399
-0.2885117911158148
-0.3014612755301407
-0.3144939464276938
-0.3275869059851186
-0.34071749806821366
-0.3538633976209195
-0.36700269654315504
-0.3801139854904384
-0.3931764310218322
-0.40616984751813034
-0.41907476328930987
-0.43187248028902386
-0.4445451268542517
-0.45707570289006383
-0.46944811692269517
-0.481647214448681
-0.49365879701354975
-0.505469631460401
-0.5170674487964915
-0.5284409321345763
-0.5395796931750854
-0.550474236705119
-0.5611159126005779
-0.5714968550216177
-0.5816099132176055
-0.5914485854082774
-0.6010069591432052
-0.6102796570502643
-0.6192617870030688
-0.6279488959797864
-0.6363369270770503
-0.6444221792946562
-0.6522012698281229
-0.6596710987036396
-0.6668288156684516
-0.6736717893132066
-0.6801975784541435
-0.6864039058446112
-0.6922886343189945
-0.6978497454992129
-0.7030853212155933
-0.7079935278110918
-0.7125726035112312
-0.7168208490523618
-0.7207366217684408
-0.7243183333418486
-0.7275644514271957
-0.7304735053588907
-0.7330440961536885
-0.7352749110187528
-0.7371647425741047
-0.7387125129958705
-0.7399173032836157
-0.7407783859814678
-0.7412952424423074
-0.7414675623588254
-0.7412952424423076
-0.7407783859814676
-0.7399173032836157
-0.7387125129958706
-0.7371647425741047
-0.7352749110187529
-0.7330440961536886
-0.7304735053588907
-0.7275644514271958
-0.7243183333418485
-0.720736621768441
-0.7168208490523619
-0.7125726035112313
-0.707993527811092
-0.7030853212155932
-0.6978497454992132
-0.6922886343189948
-0.6864039058446112
-0.680197578454144
-0.673671789313207
-0.6668288156684523
-0.6596710987036399
-0.6522012698281232
-0.6444221792946566
-0.6363369270770508
-0.6279488959797869
-0.6192617870030692
-0.6102796570502648
-0.6010069591432059
-0.591448585408278
-0.5816099132176059
-0.5714968550216183
-0.5611159126005786
-0.5504742367051196
-0.539579693175086
-0.528440932134577
-0.5170674487964924
-0.5054696314604017
-0.4936587970135504
-0.48164721444868164
-0.4694481169226957
-0.45707570289006455
-0.4445451268542524
-0.4318724802890245
-0.41907476328931037
-0.4061698475181309
-0.3931764310218328
-0.380113985490439
-0.3670026965431556
-0.35386339762092006
-0.3407174980682141
-0.32758690598511886
-0.3144939464276942
-0.301461275530141
-0.28851179111581493
-0.27566854035594
-0.26295462502480693
-0.25039310488829614
-0.23800689974872816
-0.22581869065332275
-0.21385082075593934
-0.20212519630231734
-0.19066318818776495
32.93888149461374
0.34735513354792474
0.3654792931244017
0.38366859444906865
0.4018551877406758
0.4199704584300104
0.4379453326756684
0.45571058470807496
0.47319714460527007
0.4903364050508728
0.5070605255782038
0.5233027327649292
0.5389976148099946
0.5540814088990573
0.5684922797462028
0.5821705876884152
0.59505914470507
0.6071034567375092
0.6182519506934571
0.6284561845374483
0.6376710388913863
0.6458548885985662
0.6529697527397308
0.6589814216306253
0.6638595593767784
0.6675777806124346
0.6701137001063354
0.671448953976933
0.6715691913231768
0.6704640351437853
0.6681270114873832
0.6645554458476042
0.6597503263152966
0.6537161434327196
0.646460732153475
0.6379951234258884
0.6283334030054005
0.6174925753927506
0.6054924313544585
0.5923554179250563
0.5781065101430445
0.5627730840543127
0.5463847907425687
0.5289734313274164
0.5105728330157427
0.49121872640769093
0.47094862434995344
0.44980170270055625
0.427818683424032
0.4050417204765833
0.38151428896972284
0.357281078119779
0.332387888501117
0.3068815341242663
0.2808097498575318
0.2542211047030748
0.22716492142680525
0.19969120302651602
0.17185056650523484
0.14369418439744758
0.11527373447523895
0.08664135804006268
0.05784962307522734
0.02895145066934262
1.248864729345631e-16
-0.02895145066934244
-0.05784962307522704
-0.08664135804006243
-0.11527373447523874
-0.14369418439744738
-0.17185056650523464
-0.19969120302651594
-0.227164921426805
-0.2542211047030745
-0.2808097498575316
-0.306881534124266
-0.33238788850111667
-0.3572810781197787
-0.3815142889697226
-0.4050417204765831
-0.42781868342403184
-0.4498017027005559
-0.4709486243499532
-0.4912187264076909
-0.5105728330157425
-0.5289734313274161
-0.5463847907425684
-0.5627730840543124
-0.5781065101430444
-0.5923554179250561
-0.6054924313544582
-0.61749257539275
-0.6283334030054002
-0.6379951234258882
-0.6464607321534747
-0.653716143432719
-0.6597503263152965
-0.6645554458476037
-0.6681270114873828
-0.6704640351437848
-0.6715691913231766
-0.6714489539769327
-0.6701137001063351
-0.6675777806124342
-0.6638595593767783
-0.6589814216306252
-0.6529697527397305
-0.645854888598566
-0.6376710388913861
-0.628456184537448
-0.6182519506934568
-0.607103456737509
-0.5950591447050698
-0.5821705876884152
-0.5684922797462025
-0.5540814088990573
-0.5389976148099945
-0.5233027327649294
-0.5070605255782038
-0.4903364050508726
-0.47319714460527007
-0.45571058470807524
-0.43794533267566776
-0.4199704584300098
-0.4018551877406761
-0.38366859444906853
-0.36547929312440247
-0.3473551335479248
23.995347179450523
0.4449014431131156
0.46202918117800446
0.47842383301019764
0.49396008940896036
0.508515299014635
0.5219702412735816
0.5342098877881777
0.5451241476044377
0.5546085919461675
0.5625651538884706
0.5689027984751396
0.5735381588239435
0.57639613383094
0.5774104431792765
0.5765241354790147
0.5736900455115757
0.5688711967246386
0.5620411453196905
0.553184262493776
0.5422959516380166
0.5293827975567115
0.5144626450507164
0.49756460450562795
0.4787289824372771
0.45800713527221043
0.4354612449772612
0.4111640154978536
0.38519828931724337
0.3576565838062491
0.3286405473929792
0.2982603359423418
0.266633910840104
0.23388627883205268
0.20014872080411014
0.16555802479695458
0.13025572104641342
0.09438731749005543
0.058101535287006116
0.02154954477749915
-0.015115796990861385
-0.0517407054858219
-0.08817122253653382
-0.1242539623312841
-0.1598368468286685
-0.1947698276444941
-0.2289055913346202
-0.26210024490156286
-0.29421397830378476
-0.32511170073609635
-0.35466364747325324
-0.3827459541231029
-0.4092411952173838
-0.4340388841748234
-0.45703593180007546
-0.4781370606310707
-0.49725517261447827
-0.5143116677722709
-0.5292367117200515
-0.5419694501080702
-0.5524581682771011
-0.5606603946519445
-0.5665429538583312
-0.5700820422318871
-0.5712633327426357
-0.5700820422318871
-0.5665429538583312
-0.5606603946519443
-0.552458168277101
-0.5419694501080701
-0.5292367117200514
-0.5143116677722704
-0.4972551726144778
-0.4781370606310704
-0.457035931800075
-0.4340388841748231
-0.4092411952173835
-0.3827459541231025
-0.3546636474732529
-0.325111700736096
-0.29421397830378454
-0.26210024490156253
-0.22890559133462
-0.19476982764449394
-0.1598368468286683
-0.12425396233128393
-0.08817122253653366
-0.05174070548582184
-0.015115796990861297
0.021549544777499204
0.058101535287006116
0.09438731749005522
0.13025572104641317
0.1655580247969543
0.2001487208041097
0.23388627883205224
0.2666339108401034
0.29826033594234097
0.3286405473929784
0.3576565838062482
0.3851982893172425
0.4111640154978526
0.4354612449772601
0.4580071352722095
0.47872898243727596
0.49756460450562673
0.514462645050715
0.5293827975567102
0.542295951638015
0.5531842624937745
0.5620411453196891
0.5688711967246368
0.5736900455115739
0.5765241354790129
0.5774104431792748
0.5763961338309382
0.573538158823942
0.5689027984751378
0.5625651538884691
0.554608591946166
0.5451241476044361
0.5342098877881761
0.5219702412735802
0.5085152990146332
0.49396008940895914
0.47842383301019653
0.4620291811780017
0.44490144311311464
15.256625274261856
-0.4729733386406312
-0.48165821031675365
-0.48852291484700766
-0.4934280360269927
-0.4962479625215263
-0.49687212339238956
-0.4952061221607114
-0.49117275927034576
-0.4847129333966499
-0.475786412712915
-0.46437246797968734
-0.45047036015496894
-0.434099676129803
-0.4153005071673759
-0.39413346565719287
-0.3706795368812257
-0.3450397636177771
-0.3173347625722699
-0.2877040728129592
-0.25630533759409324
-0.22331332215944166
-0.188918771325342
-0.1533271118343575
-0.11675700563818507
-0.07943876140149711
-0.041612612607102896
-0.003526871677460974
0.03456402950111942
0.07240160136624145
0.10972544867549833
0.14627549987749944
0.1817942991422285
0.21602931539533188
0.24873517812798704
0.27967580492186195
0.3086264158580116
0.3353754293860446
0.3597262329657217
0.38149882101420723
0.40053129230804485
0.4166811989301282
0.42982673906399355
0.43986778637710044
0.44672674936564677
0.4503492548257622
0.45070465054375325
0.4477863233385301
0.44161182972179686
0.43222283764714314
0.41968487908011226
0.4040869144210765
0.3855407111354351
0.36418004027618267
0.34015969590777495
0.31365434374356155
0.2848572065785884
0.2539785953226412
0.22124429560302478
0.18689382100144733
0.1511785450040118
0.11435972466797992
0.0767064419145689
0.038493599918956636
-4.145713307665238e-16
-0.038493599918957525
-0.07670644191456968
-0.11435972466798068
-0.15117854500401262
-0.18689382100144813
-0.22124429560302555
-0.25397859532264183
-0.2848572065785889
-0.3136543437435622
-0.3401596959077754
-0.364180040276183
-0.3855407111354354
-0.40408691442107697
-0.4196848790801126
-0.43222283764714325
-0.4416118297217971
-0.44778632333853013
-0.45070465054375347
-0.4503492548257622
-0.4467267493656467
-0.43986778637710017
-0.4298267390639931
-0.41668119893012817
-0.40053129230804463
-0.38149882101420707
-0.35972623296572115
-0.33537542938604414
-0.30862641585801126
-0.2796758049218614
-0.24873517812798643
-0.21602931539533138
-0.18179429914222803
-0.14627549987749916
-0.10972544867549802
-0.07240160136624119
-0.03456402950111909
0.003526871677461336
0.0416126126071032
0.07943876140149744
0.11675700563818531
0.15332711183435785
0.18891877132534227
0.22331332215944197
0.2563053375940932
0.2877040728129593
0.31733476257227017
0.34503976361777716
0.37067953688122585
0.3941334656571931
0.41530050716737593
0.4340996761298031
0.4504703601549693
0.4643724679796877
0.47578641271291533
0.48471293339665006
0.49117275927034565
0.4952061221607111
0.4968721233923898
0.496247962521527
0.49342803602699314
0.4885229148470082
0.48165821031675443
0.4729733386406315
8.385909124759879
0.4375828555220842
0.433520686002931
0.4268595913258811
0.41753952721700216
0.4055315570566475
0.39083842517178835
0.37349480252141476
0.35356719907672557
0.33115354042157713
0.30638240939943767
0.27941195697455273
0.25042848981994675
0.21964474545545248
0.18729786899738549
0.15364710871048
0.1189712505359006
0.08356581457153883
0.04774003906909168
0.011813679855401073
-0.023886344845551778
-0.059029432444742916
-0.09328486368314283
-0.1263254256952249
-0.15783105540169623
-0.18749246781825418
-0.21501473387230763
-0.24012077270811316
-0.2625547242327341
-0.28208516880659484
-0.2985081625048978
-0.31165005825743575
-0.3213700832967268
-0.32756259476539684
-0.3301588653416811
-0.3291283508495563
-0.32447944760618286
-0.316259749785611
-0.30455581840097196
-0.2894924755662359
-0.2712316402814496
-0.24997072492025343
-0.22594061474286284
-0.1994032559917098
-0.1706488813484176
-0.13999290465196074
-0.10777251972289899
-0.07434304084192787
-0.040074024836117786
-0.005345216784952526
0.029457636969916885
0.06394706357552842
0.09773818043777975
0.13045300792932774
0.16172473209113772
0.19120187200482983
0.218552307617403
0.2434671253808266
0.26566424111361636
0.2848917619812619
0.3009310524031972
0.31359947199659577
0.3227527369950881
0.32828667455298843
0.3301383390042999
0.3282866745529882
0.3227527369950882
0.3135994719965958
0.3009310524031972
0.2848917619812619
0.26566424111361636
0.2434671253808264
0.2185523076174027
0.19120187200482971
0.1617247320911375
0.13045300792932762
0.09773818043777971
0.06394706357552826
0.029457636969916563
-0.005345216784952872
-0.04007402483611787
-0.07434304084192803
-0.10777251972289932
-0.13999290465196101
-0.17064888134841788
-0.19940325599171005
-0.22594061474286314
-0.24997072492025385
-0.27123164028145
-0.28949247556623636
-0.30455581840097234
-0.31625974978561106
-0.32447944760618325
-0.3291283508495564
-0.33015886534168093
-0.32756259476539706
-0.321370083296727
-0.31165005825743597
-0.2985081625048978
-0.2820851688065951
-0.26255472423273435
-0.24012077270811308
-0.21501473387230755
-0.18749246781825432
-0.15783105540169629
-0.1263254256952249
-0.09328486368314279
-0.0590294324447428
-0.023886344845551594
0.011813679855401367
0.047740039069091925
0.08356581457153907
0.118971250535901
0.15364710871048035
0.18729786899738582
0.2196447454554528
0.25042848981994703
0.27941195697455307
0.3063824093994381
0.3311535404215775
0.35356719907672574
0.3734948025214151
0.39083842517178846
0.40553155705664723
0.41753952721700216
0.42685959132588097
0.43352068600293125
0.43758285552208465
3.939397036859911
-0.35777455890430804
-0.34140965217480534
-0.32248772920139923
-0.30111052875632943
-0.2774247428026776
-0.2516194492648263
-0.22392297137895056
-0.1945992067893587
-0.16394347684853058
-0.13227795318560104
-0.09994672442785026
-0.06731057090242545
-0.034741519134832956
-0.002617250934881719
0.028684556227118012
0.058791880032267055
0.08734391808123498
0.11399649078419262
0.1384272090259153
0.16034033680468598
0.17947128359765185
0.19559066670479686
0.2085078901916021
0.2180741941969601
0.22418513619692004
0.22678247420531525
0.2258554307300696
0.2214413254632022
0.2136255740328335
0.20254105955357943
0.18836689304350132
0.1713265842411164
0.15168556429086985
0.12974788669719287
0.10585211764010227
0.08036652733829394
0.0536836975496787
0.026214660313047797
-0.0016173168982434366
-0.029383184716093847
-0.05665469013223972
-0.08301096725877231
-0.10804503115865817
-0.13137006918063268
-0.15262542924875502
-0.17148221072691044
-0.18764837077629212
-0.20087326749291853
-0.21095157046938667
-0.21772647966441105
-0.22109220445960479
-0.22099566639345067
-0.21743740113232182
-0.21047164760244919
-0.2002056246927056
-0.18679800836981705
-0.17045663424813157
-0.15143546245042244
-0.13003085281431584
-0.1065772089784273
-0.08144205947095469
-0.055020617093447306
-0.027729542843693757
9.965124432754637e-16
0.027729542843695703
0.05502061709344913
0.08144205947095604
0.1065772089784283
0.13003085281431614
0.15143546245042247
0.17045663424813084
0.18679800836981586
0.20020562469270453
0.2104716476024477
0.2174374011323205
0.22099566639344942
0.22109220445960384
0.21772647966441025
0.2109515704693861
0.20087326749291867
0.18764837077629257
0.17148221072691108
0.15262542924875572
0.13137006918063285
0.10804503115865845
0.08301096725877224
0.05665469013223981
0.029383184716093805
0.001617316898243096
-0.026214660313048296
-0.05368369754967881
-0.08036652733829411
-0.10585211764010186
-0.1297478866971921
-0.15168556429086916
-0.17132658424111538
-0.1883668930435001
-0.2025410595535781
-0.2136255740328326
-0.22144132546320155
-0.22585543073006906
-0.22678247420531522
-0.22418513619692082
-0.21807419419696128
-0.2085078901916037
-0.1955906667047988
-0.17947128359765396
-0.16034033680468787
-0.13842720902591693
-0.11399649078419395
-0.08734391808123561
-0.05879188003226695
-0.02868455622711728
0.002617250934883166
0.03474151913483468
0.06731057090242724
0.09994672442785225
0.1322779531856028
0.16394347684853203
0.19459920678935974
0.22392297137895076
0.25161944926482605
0.2774247428026772
0.301110528756329
0.32248772920139757
0.3414096521748042
0.35777455890430604
1.5699225963349352
0.25888980245073934
0.23509683996764785
0.2096560108525794
0.18282411545288918
0.15490447824453094
0.12623858696349718
0.09719726896654922
0.06817156715326576
0.03956348239751423
0.011776750716391383
-0.014792178645490971
-0.03976280334774959
-0.06277871386895363
-0.08351508414081679
-0.10168537989201204
-0.11704717412788435
-0.12940697764406625
-0.13862401259482043
-0.14461287849701215
-0.14734508221358714
-0.14684942598043568
-0.14321126996957276
-0.13657070777862726
-0.12711971417662146
-0.1150983440183382
-0.10079007909589378
-0.08451643549771275
-0.0666309575087918
-0.047512734979788716
-0.027559589238735666
-0.007181077898534355
0.013208535374834253
0.03319736166415377
0.05238325343073897
0.07038135882442623
0.08683160060083632
0.10140583712722448
0.11381449050717468
0.12381245452671033
0.1312041232784393
0.13584741008585638
0.13765665568248228
0.13660435432145207
0.13272165631923596
0.12609763511615785
0.1168773358598708
0.1052586503506593
0.09148808948465319
0.07585554865499805
0.05868818350640974
0.04034353260521225
0.02120203965157182
0.0016591405461257507
-0.017882910283515893
-0.03702329453293814
-0.05537078433074562
-0.07255161713490818
-0.08821691810027252
-0.10204950631513245
-0.11376993414324381
-0.12314162477425765
-0.12997505587887595
-0.13413154058966784
-0.1355265081751146
-0.1341315405896678
-0.129975055878876
-0.12314162477425751
-0.11376993414324386
-0.10204950631513221
-0.08821691810027223
-0.07255161713490808
-0.05537078433074524
-0.037023294532937824
-0.017882910283515414
0.0016591405461260026
0.021202039651572344
0.040343532605212146
0.058688183506409565
0.07585554865499829
0.09148808948465323
0.10525865035065943
0.11687733585987088
0.12609763511615807
0.13272165631923588
0.13660435432145251
0.13765665568248234
0.1358474100858565
0.13120412327843933
0.12381245452671026
0.11381449050717461
0.10140583712722466
0.08683160060083628
0.07038135882442602
0.052383253430738644
0.03319736166415374
0.013208535374834166
-0.007181077898534843
-0.027559589238736262
-0.04751273497978908
-0.06663095750879212
-0.08451643549771296
-0.10079007909589419
-0.11509834401833775
-0.12711971417662152
-0.13657070777862707
-0.1432112699695727
-0.14684942598043532
-0.14734508221358725
-0.14461287849701193
-0.13862401259482016
-0.12940697764406583
-0.11704717412788418
-0.10168537989201178
-0.08351508414081664
-0.06277871386895341
-0.03976280334774921
-0.014792178645490555
0.011776750716391756
0.03956348239751428
0.06817156715326608
0.09719726896654897
0.12623858696349693
0.15490447824453119
0.1828241154528892
0.20965601085257812
0.23509683996764727
0.2588898024507382
