19 0.99 20.0
13.975971568331968
0.04584701891031713
0.05435448327934799
0.06343526315196689
0.07298489850245116
0.08289882621041325
0.09307686309544859
0.10342722803510668
0.1138698533307051
0.12433872649699043
0.13478300040314545
0.14516661117029447
0.15546617894222364
0.1656676965415179
0.1757635178915941
0.18574996690286838
0.19562538666446164
0.20538857044310757
0.21503759357960064
0.22456910529262689
0.23397815878359307
0.2432586658903523
0.25240445849661264
0.2614099191816764
0.2702698412189476
0.27897927482622803
0.28753342927116154
0.2959276173998574
0.30415722994112354
0.3122177287172509
0.3201046502398609
0.3278136136712562
0.3353403294274123
0.3426806065304
0.3498303580789459
0.3567856049484618
0.3635424781872998
0.37009722066628564
0.3764461884608985
0.3825858522812661
0.38851279908335934
0.3942237338492308
0.3997154814472872
0.40498498847844194
0.41002932504995593
0.4148456864551476
0.4194313947575112
0.42378390028579754
0.42790078304778095
0.43177975406854296
0.43541865665645224
0.43881546759776624
0.4419682982793232
0.44487539573810203
0.4475351436362993
0.44994606316074814
0.4521068138457968
0.45401619431902895
0.4556731429694158
0.45707673853759345
0.4582262006280248
0.45912089014282037
0.4597603096370132
0.46014410359509683
0.46027205862867493
0.460144103595097
0.45976030963701353
0.45912089014282104
0.45822620062802566
0.45707673853759434
0.45567314296941697
0.45401619431903045
0.45210681384579854
0.44994606316075036
0.44753514363630154
0.44487539573810464
0.44196829827932615
0.43881546759776935
0.43541865665645557
0.43177975406854663
0.4279007830477847
0.4237839002858016
0.41943139475751545
0.41484568645515196
0.41002932504996026
0.4049849884784464
0.3997154814472915
0.39422373384923515
0.3885127990833638
0.3825858522812705
0.37644618846090283
0.37009722066628986
0.3635424781873041
0.35678560494846606
0.3498303580789504
0.3426806065304044
0.3353403294274166
0.3278136136712605
0.32010465023986506
0.31221772871725495
0.3041572299411275
0.2959276173998613
0.2875334292711653
0.2789792748262316
0.27026984121895115
0.26140991918167983
0.25240445849661597
0.24325866589035555
0.23397815878359612
0.2245691052926299
0.21503759357960353
0.2053885704431104
0.19562538666446425
0.18574996690287088
0.17576351789159628
0.16566769654152025
0.15546617894222547
0.14516661117029686
0.13478300040314717
0.12433872649699262
0.11386985333070647
0.10342722803510794
0.09307686309544949
0.08289882621041461
0.07298489850245209
0.06343526315196812
0.05435448327934914
0.0458470189103178
13.63492195538958
-0.09051692550935567
-0.10697600466553342
-0.12441005001410639
-0.1425798871110105
-0.16124520531064776
-0.18017396860526372
-0.1991508877208074
-0.2179844350032595
-0.2365118676852716
-0.2546017218955988
-0.2721532471683538
-0.2890923288679416
-0.3053649290901083
-0.3209311155276518
-0.3357603300754317
-0.34982753406416767
-0.3631101146060313
-0.3755855939174836
-0.3872302637760203
-0.3980189053293654
-0.4079257686658717
-0.4169267738680478
-0.425000829966163
-0.4321295859426199
-0.43829715034971484
-0.4434899207000321
-0.447696495131543
-0.45090764038007053
-0.4531162937049046
-0.4543175812258768
-0.4545088402789772
-0.45368963813126634
-0.451861783176695
-0.4490293273389726
-0.44519855994326235
-0.4403779940559641
-0.4345783464832703
-0.4278125124650048
-0.4200955357686044
-0.41144457452136757
-0.4018788628284105
-0.39141966807598705
-0.3800902438207285
-0.3679157782510386
-0.354923338292704
-0.341141809482669
-0.3266018317607174
-0.3113357313399586
-0.2953774488214947
-0.2787624637212664
-0.26152771558020155
-0.24371152183325018
-0.2253534926185922
-0.20649444271477146
-0.1871763008002053
-0.16744201623600288
-0.14733546357902183
-0.12690134503745978
-0.10618509108600814
-0.08523275946170246
-0.06409093276516468
-0.042806614894969335
-0.021427126545410582
-1.946776145992696e-15
0.021427126545406718
0.04280661489496553
0.06409093276516091
0.08523275946169875
0.10618509108600452
0.12690134503745612
0.14733546357901817
0.16744201623599925
0.1871763008002015
0.20649444271476752
0.22535349261858809
0.24371152183324585
0.261527715580197
0.27876246372126173
0.29537744882148986
0.3113357313399539
0.3266018317607128
0.34114180948266437
0.3549233382926997
0.3679157782510344
0.38009024382072454
0.3914196680759834
0.401878862828407
0.4114445745213643
0.42009553576860126
0.4278125124650016
0.43457834648326726
0.4403779940559612
0.4451985599432592
0.44902932733896955
0.45186178317669207
0.45368963813126356
0.4545088402789744
0.45431758122587423
0.4531162937049019
0.4509076403800683
0.4476964951315407
0.44348992070003007
0.438297150349713
0.4321295859426181
0.4250008299661614
0.41692677386804633
0.40792576866587055
0.39801890532936424
0.3872302637760194
0.37558559391748264
0.36311011460603027
0.3498275340641668
0.3357603300754308
0.3209311155276511
0.30536492909010743
0.289092328867941
0.27215324716835315
0.2546017218955982
0.23651186768527113
0.2179844350032592
0.19915088772080683
0.1801739686052635
0.16124520531064826
0.1425798871110099
0.12441005001410618
0.10697600466553346
0.09051692550935544
13.083417586785576
0.1328744387246259
0.1562068319181286
0.18059174037587564
0.20560261684762146
0.23081100827629608
0.2558020771013162
0.280188666147297
0.30362307599116994
0.3258057052961646
0.3464897086122443
0.36548084921048457
0.38263185764486995
0.397832891679154
0.41100281621581763
0.4220823053255824
0.4310282129831104
0.43780904186353375
0.4424015816161168
0.4447889099030541
0.444960005004544
0.44291123638530244
0.4386496690234495
0.43219495371011984
0.423578759965482
0.4128441155705286
0.400044870598231
0.3852452444441196
0.36851941677157274
0.3499511290655319
0.3296332712180185
0.3076674358655448
0.28416343085521967
0.25923874636718836
0.23301797750342967
0.20563220573366112
0.17721834389610608
0.14791844988225192
0.11787901400662075
0.08725022464012668
0.05618521619365458
0.024839303152429208
-0.006630796313476924
-0.03806774359382221
-0.06931436601073405
-0.10021444245343163
-0.13061348434561051
-0.1603595080136147
-0.18930379456385185
-0.2173016334476855
-0.2442130459831556
-0.2699034852110371
-0.294244508586143
-0.3171144201429715
-0.3383988789278812
-0.35799147065807263
-0.37579423975059756
-0.39171817906194634
-0.4056836748896574
-0.4176209050108347
-0.427470187767225
-0.43518228045133744
-0.44071862550167756
-0.44405154327617574
-0.44516437044004026
-0.44405154327617574
-0.4407186255016775
-0.43518228045133767
-0.4274701877672251
-0.4176209050108348
-0.4056836748896574
-0.3917181790619466
-0.3757942397505978
-0.35799147065807274
-0.33839887892788145
-0.31711442014297186
-0.2942445085861434
-0.26990348521103746
-0.24421304598315616
-0.2173016334476861
-0.18930379456385243
-0.1603595080136153
-0.13061348434561104
-0.10021444245343218
-0.06931436601073444
-0.03806774359382256
-0.006630796313477272
0.024839303152428886
0.056185216193654165
0.08725022464012622
0.11787901400662024
0.14791844988225128
0.17721834389610536
0.20563220573366037
0.2330179775034288
0.2592387463671876
0.2841634308552189
0.30766743586554396
0.329633271218018
0.3499511290655314
0.36851941677157235
0.3852452444441195
0.400044870598231
0.4128441155705287
0.4235787599654821
0.4321949537101203
0.43864966902344993
0.442911236385303
0.44496000500454436
0.44478890990305453
0.44240158161611737
0.4378090418635343
0.43102821298311117
0.4220823053255829
0.41100281621581786
0.39783289167915453
0.38263185764487073
0.3654808492104851
0.34648970861224576
0.32580570529616476
0.30362307599117033
0.28018866614729776
0.25580207710131697
0.23081100827629694
0.20560261684762182
0.18059174037587725
0.1562068319181297
0.1328744387246264
12.345619478395848
-0.17186621561494328
-0.20053596437067336
-0.2298958816303066
-0.25927145866312085
-0.28799060230909757
-0.3154075555264899
-0.3409247202496269
-0.3640111524055124
-0.38421648664894525
-0.40117907308110873
-0.41462716487284385
-0.42437220841285767
-0.430296453121975
-0.43234138858908117
-0.43049839001625145
-0.424800817666797
-0.4153173507770206
-0.4021466729338126
-0.3854137931647312
-0.3652683597118163
-0.34188534137269494
-0.3154679897122371
-0.2862486528249366
-0.25448603728716074
-0.22046220113712872
-0.1844795978200543
-0.14685813373025428
-0.10793220616869789
-0.06804769749455675
-0.027558912919097043
0.013174538260423783
0.05379090693469882
0.09392949402783675
0.13323384000278193
0.17135488481281505
0.20795406783744763
0.242706337570975
0.27530304207952
0.30545467311841623
0.3328934389725228
0.35737564328312904
0.3786838491923744
0.3966288100451127
0.41105114977380475
0.421822778133797
0.428848028212757
0.43206450606830804
0.4314436449021234
0.42699095881476506
0.418745993868429
0.4067819768851036
0.39120516509969183
0.37215390244788177
0.3497973908745806
0.32433418757877497
0.29599044154331733
0.26501788501241014
0.2316915977551635
0.19630756397124785
0.15918004353626294
0.12063878093351049
0.08102607666060037
0.04069374712085953
1.5178669365527856e-15
-0.040693747120856515
-0.08102607666059743
-0.12063878093350772
-0.15918004353626028
-0.19630756397124546
-0.23169159775516124
-0.26501788501240814
-0.2959904415433157
-0.32433418757877347
-0.3497973908745794
-0.37215390244788094
-0.3912051650996911
-0.4067819768851031
-0.418745993868429
-0.42699095881476495
-0.43144364490212356
-0.4320645060683085
-0.42884802821275764
-0.4218227781337973
-0.4110511497738052
-0.39662881004511324
-0.37868384919237474
-0.3573756432831293
-0.33289343897252327
-0.30545467311841673
-0.27530304207952044
-0.2427063375709755
-0.20795406783744821
-0.1713548848128156
-0.13323384000278268
-0.09392949402783758
-0.05379090693469973
-0.013174538260424742
0.02755891291909598
0.0680476974945557
0.10793220616869678
0.14685813373025325
0.1844795978200533
0.22046220113712792
0.2544860372871601
0.2862486528249363
0.31546798971223694
0.3418853413726951
0.36526835971181654
0.38541379316473157
0.4021466729338135
0.41531735077702103
0.42480081766679734
0.4304983900162523
0.43234138858908167
0.4302964531219755
0.42437220841285805
0.41462716487284457
0.4011790730811093
0.3842164866489459
0.36401115240551335
0.3409247202496281
0.3154075555264912
0.28799060230909884
0.25927145866312173
0.22989588163030722
0.20053596437067428
0.1718662156149436
11.453048158341389
0.20655758780673508
0.23866338090219896
0.27059189210570733
0.30137093233295675
0.33004900772396895
0.35573111288694653
0.3776113955617281
0.3950009073627948
0.40734866763027466
0.41425433983403487
0.41547094475146074
0.4108963709239807
0.4005566100612031
0.38458922916893257
0.36322890429267374
0.3367940783950223
0.3056745242926916
0.27032004512726804
0.2312307683378547
0.18894958305421175
0.14405728791538044
0.09717040746783334
0.04893600140156248
2.1765623785925548e-05
-0.04889417907857191
-0.097133291108205
-0.14402635397813016
-0.1889229104244628
-0.23120032298396315
-0.2702723887884545
-0.3055974261399712
-0.33668574298885706
-0.3631063944388198
-0.3844931384915894
-0.4005495059589152
-0.41105291080076795
-0.41585774013210847
-0.4148973779649536
-0.4081851326955616
-0.3958140547565089
-0.3779556471713764
-0.35485748755677426
-0.3268397951916682
-0.2942909911243947
-0.2576623129889477
-0.21746155916913287
-0.1742460489706863
-0.1286148963294636
-0.08120070411944579
-0.03266079417892633
0.016331905372653693
0.06509818919292668
0.11296199081127377
0.15925975521426897
0.2033496379810414
0.24462040343453875
0.2824998984492002
0.316462984439554
0.3460388175661693
0.37081737623130284
0.3904551453714716
0.4046798787435657
0.4132943731830673
0.4161792025102553
0.4132943731830671
0.4046798787435656
0.39045514537147147
0.37081737623130256
0.34603881756616883
0.3164629844395535
0.28249989844919976
0.24462040343453814
0.20334963798104094
0.1592597552142684
0.1129619908112733
0.06509818919292622
0.016331905372653322
-0.03266079417892666
-0.08120070411944591
-0.12861489632946352
-0.17424604897068605
-0.21746155916913246
-0.25766231298894693
-0.29429099112439366
-0.32683979519166706
-0.3548574875567729
-0.37795564717137486
-0.3958140547565075
-0.4081851326955601
-0.41489737796495213
-0.41585774013210725
-0.4110529108007669
-0.40054950595891425
-0.3844931384915888
-0.36310639443881965
-0.33668574298885695
-0.3055974261399714
-0.27027238878845483
-0.23120032298396362
-0.18892291042446346
-0.1440263539781309
-0.09713329110820602
-0.04889417907857299
2.176562378479727e-05
0.04893600140156116
0.09717040746783186
0.144057287915379
0.1889495830542101
0.23123076833785308
0.2703200451272666
0.30567452429269026
0.33679407839502074
0.36322890429267235
0.38458922916893135
0.4005566100612016
0.41089637092397985
0.41547094475145985
0.41425433983403376
0.40734866763027405
0.39500090736279436
0.37761139556172774
0.3557311128869462
0.33004900772396895
0.3013709323329569
0.27059189210570805
0.23866338090219916
0.206557587806735
10.442519549142025
-0.23616443394974806
-0.26955389874812463
-0.3013880208729621
-0.3303781380125029
-0.355300461295437
-0.3750478020606964
-0.38867614588623045
-0.3954434882058731
-0.3948384279124301
-0.3865961947868817
-0.37070005072774936
-0.3473665491735124
-0.31701849272690613
-0.28025649595323754
-0.23783162697770394
-0.19061816359726863
-0.13958645640081824
-0.08577649307055735
-0.030273055050646897
0.025816523918107667
0.08138098023267301
0.13531989620428234
0.18656149240437916
0.23408524906378006
0.27694350769278053
0.3142811513109224
0.34535308982881385
0.3695393115889988
0.3863572933782812
0.3954715924130474
0.39670047779195483
0.3900194980674672
0.37556192723919646
0.3536160834683836
0.3246195714779295
0.28915055852441074
0.2479162527062138
0.20173880917765694
0.15153894274946986
0.09831757274424581
0.043135866459469464
-0.01290591988633123
-0.06869037992636004
-0.1231052376910941
-0.1750655255303042
-0.22353521725119085
-0.2675478852375843
-0.30622596977198313
-0.33879827642308735
-0.364615352658522
-0.38316243710265324
-0.3940697232429198
-0.3971197329287532
-0.3922516526343396
-0.37956254601813216
-0.3593054185983562
-0.3318841731315555
-0.29784555627851955
-0.2578682571326433
-0.2127493749741172
-0.1633885260674162
-0.11076990639377841
-0.055942667966266915
-2.4293260380208983e-16
0.05594266796626644
0.11076990639377801
0.16338852606741583
0.21274937497411692
0.25786825713264305
0.2978455562785194
0.3318841731315555
0.3593054185983562
0.3795625460181324
0.3922516526343398
0.3971197329287535
0.3940697232429202
0.3831624371026538
0.3646153526585228
0.33879827642308813
0.306225969771984
0.2675478852375853
0.2235352172511921
0.17506552553030544
0.12310523769109538
0.06869037992636134
0.012905919886332492
-0.043135866459468354
-0.09831757274424482
-0.1515389427494691
-0.20173880917765638
-0.24791625270621365
-0.2891505585244108
-0.32461957147792986
-0.35361608346838413
-0.3755619272391975
-0.3900194980674685
-0.3967004777919563
-0.39547159241304897
-0.38635729337828295
-0.36953931158900055
-0.34535308982881574
-0.3142811513109243
-0.27694350769278225
-0.2340852490637818
-0.18656149240438089
-0.13531989620428386
-0.08138098023267439
-0.02581652391810892
0.03027305505064586
0.08577649307055649
0.13958645640081735
0.1906181635972682
0.23783162697770402
0.2802564959532375
0.3170184927269067
0.3473665491735133
0.3707000507277503
0.386596194786883
0.3948384279124316
0.39544348820587477
0.3886761458862323
0.3750478020606984
0.3553004612954391
0.33037813801250504
0.30138802087296424
0.2695538987481265
0.23616443394974934
9.353807331270556
-0.2600789140448719
-0.2924780651776448
-0.32149073984168586
-0.3455418062000047
-0.3632037771450586
-0.3732675870741376
-0.37480415101838394
-0.36721301780788174
-0.35025468668299153
-0.3240635704161805
-0.2891391340486921
-0.24631364752450954
-0.1967018179336458
-0.14164639062469117
-0.08266339665452781
-0.0213865518954014
0.040488426520904876
0.10125804343178411
0.15926188658390322
0.21292812346611698
0.2608117034565678
0.30162441620669656
0.3342647953408793
0.3578496380635726
0.3717395648148004
0.3755573531188409
0.36919870892934153
0.35283533009518914
0.3269103015608284
0.29212604045753976
0.24942518121591328
0.1999649556002753
0.1450857784338151
0.08627489346082672
0.02512606043562266
-0.03670363108587688
-0.09753865801542148
-0.15573045894446513
-0.20970210138964146
-0.2579910116406573
-0.29928860862314394
-0.33247576633765036
-0.35665314260604597
-0.37116555155525727
-0.3756197191903572
-0.3698949409802684
-0.3541463528070022
-0.32880072678636996
-0.29454490598871197
-0.25230719151709785
-0.2032321863479903
-0.14864977763414128
-0.09003909800418608
-0.028988442458886113
0.032847772931613534
0.09379384415528717
0.1521981892753138
0.20647810476606235
0.2551626553107127
0.2969325347849982
0.3306558182302995
0.35541863597038
0.3705499386317144
0.3756396819585989
0.37054993863171454
0.35541863597038015
0.3306558182302997
0.29693253478499865
0.25516265531071314
0.20647810476606301
0.15219818927531467
0.09379384415528798
0.03284777293161447
-0.028988442458885166
-0.09003909800418504
-0.1486497776341402
-0.2032321863479892
-0.2523071915170968
-0.2945449059887109
-0.32880072678636896
-0.35414635280700124
-0.3698949409802677
-0.3756197191903565
-0.37116555155525677
-0.3566531426060455
-0.33247576633765014
-0.2992886086231438
-0.2579910116406574
-0.20970210138964185
-0.15573045894446577
-0.09753865801542232
-0.036703631085878034
0.025126060435621413
0.0862748934608253
0.14508577843381362
0.19996495560027377
0.2494251812159118
0.2921260404575383
0.32691030156082695
0.35283533009518786
0.36919870892934015
0.37555735311884003
0.37173956481479953
0.3578496380635718
0.3342647953408787
0.3016244162066961
0.26081170345656746
0.2129281234661167
0.1592618865839031
0.10125804343178417
0.04048842652090483
-0.021386551895401035
-0.08266339665452732
-0.14164639062469095
-0.19670181793364513
-0.24631364752450852
-0.28913913404869157
-0.32406357041618045
-0.3502546866829907
-0.36721301780788107
-0.37480415101838344
-0.37326758707413715
-0.3632037771450581
-0.34554180620000435
-0.32149073984168425
-0.2924780651776442
-0.2600789140448715
8.227223889361914
0.2778880668652965
0.30703819454132436
0.33063534722384597
0.3469090568049411
0.3543679690498257
0.35188937955359917
0.33879200972547246
0.3148870157158009
0.28050287635801896
0.2364806966599162
0.18413754293824056
0.12519695233153094
0.061694451362562436
-0.0041231541638942345
-0.06989868615309115
-0.1332647106684707
-0.19194031595498343
-0.24382113309023926
-0.2870589118275596
-0.3201270924598198
-0.3418692186297801
-0.35152871922998963
-0.34876970598888146
-0.3336910664979176
-0.30682506691345246
-0.26911982723941186
-0.22190650430270267
-0.16685253779406384
-0.10590277389445456
-0.04121066935833107
0.02493791096618322
0.0902055639625896
0.15228600821601318
0.2089856109513675
0.258300907845182
0.2984893865393429
0.32813104244186325
0.3461785391264158
0.3519942051061057
0.3453725608248353
0.3265475787922664
0.2961844182971564
0.2553559249710868
0.2055047246448126
0.1483922506747827
0.08603650596124351
0.020640759020454025
-0.04548430622633516
-0.11000223605796576
-0.1706333630338157
-0.2252353555144311
-0.27187891451550994
-0.30891594326066135
-0.3350377807636147
-0.3493214418382822
-0.35126222970560755
-0.3407915688685523
-0.3182794281482134
-0.28452124826228614
-0.24070983584205724
-0.18839321697901137
-0.12941993949717998
-0.06587375663293359
2.2250548305526964e-16
0.06587375663293397
0.12941993949718042
0.1883932169790118
0.24070983584205752
0.2845212482622864
0.3182794281482136
0.3407915688685525
0.3512622297056075
0.34932144183828223
0.33503778076361435
0.30891594326066096
0.27187891451550955
0.22523535551443055
0.17063336303381502
0.11000223605796498
0.04548430622633446
-0.020640759020454674
-0.08603650596124411
-0.1483922506747831
-0.20550472464481287
-0.255355924971087
-0.29618441829715636
-0.32654757879226637
-0.3453725608248353
-0.3519942051061057
-0.3461785391264158
-0.32813104244186336
-0.29848938653934315
-0.25830090784518217
-0.20898561095136803
-0.15228600821601374
-0.09020556396259036
-0.024937910966183988
0.041210669358330274
0.10590277389445384
0.16685253779406314
0.2219065043027021
0.26911982723941136
0.3068250669134521
0.33369106649791747
0.3487697059888815
0.35152871922998974
0.3418692186297804
0.3201270924598202
0.28705891182756005
0.2438211330902399
0.19194031595498423
0.13326471066847126
0.06989868615309187
0.004123154163894867
-0.06169445136256184
-0.12519695233153047
-0.18413754293823983
-0.23648069665991542
-0.28050287635801807
-0.3148870157158
-0.33879200972547213
-0.3518893795535981
-0.35436796904982476
-0.3469090568049411
-0.3306353472238448
-0.3070381945413235
-0.27788806686529605
7.101311025904546
-0.28938458963659286
-0.31317844636786424
-0.32908634679454307
-0.3352987501299512
-0.33046913989636756
-0.31381557321314957
-0.2851929397320471
-0.24512978192700355
-0.1948249651809228
-0.13610124421233072
-0.07131475048114647
-0.0032218889844691716
0.06518386601323377
0.13083943312868784
0.19077367325704486
0.24225917021438054
0.2829487838542824
0.3109909357652608
0.3251178927030596
0.3247022160760127
0.3097778573024399
0.28102526167347613
0.23973405878068343
0.1877484709804497
0.1273877059358491
0.061344074644856264
-0.00743632508481993
-0.07588477153178765
-0.14094685829260606
-0.19971893706554597
-0.24957786822236108
-0.28829822967556135
-0.3141517299024783
-0.3259843875480962
-0.32326804351760824
-0.30612392068054467
-0.27531719287548634
-0.2322228152604898
-0.1787641462007794
-0.11732710105852119
-0.050653667390837015
0.01828046894141312
0.08639872760103409
0.15066094161648394
0.20819904126147856
0.2564450579938113
0.2932457351320557
0.31695862977601946
0.3265254166672751
0.32151912229927887
0.30216318117934904
0.2693214637832849
0.2244597213082265
0.1695801680113118
0.10713212079718473
0.03990268428695867
-0.029107639822686757
-0.09681886746552695
-0.16020899426638527
-0.2164488699229837
-0.26302846536361474
-0.2978688972804136
-0.31941521029624687
-0.32670577582450894
-0.3194152102962465
-0.29786889728041305
-0.26302846536361385
-0.21644886992298276
-0.16020899426638405
-0.09681886746552582
-0.029107639822685747
0.0399026842869597
0.10713212079718554
0.1695801680113124
0.2244597213082268
0.2693214637832851
0.302163181179349
0.32151912229927876
0.32652541666727475
0.31695862977601913
0.2932457351320553
0.256445057993811
0.20819904126147817
0.1506609416164836
0.08639872760103368
0.01828046894141269
-0.05065366739083753
-0.11732710105852168
-0.17876414620078007
-0.23222281526049035
-0.275317192875487
-0.3061239206805453
-0.3232680435176087
-0.3259843875480967
-0.31415172990247875
-0.28829822967556173
-0.24957786822236108
-0.19971893706554597
-0.1409468582926057
-0.07588477153178724
-0.007436325084819303
0.06134407464485695
0.1273877059358499
0.18774847098045067
0.23973405878068427
0.2810252616734768
0.3097778573024406
0.3247022160760131
0.32511789270306
0.31099093576526105
0.28294878385428257
0.24225917021438068
0.1907736732570447
0.1308394331286879
0.06518386601323345
-0.0032218889844690974
-0.07131475048114638
-0.1361012442123302
-0.19482496518092246
-0.24512978192700302
-0.28519293973204646
-0.31381557321314874
-0.33046913989636695
-0.33529875012995075
-0.3290863467945421
-0.3131784463678642
-0.2893845896365922
6.010812654644162
0.2945694644396925
0.31117867071576044
0.31760801384719217
0.3122241259481181
0.2940869815836483
0.26304731557289446
0.21979626348650855
0.16586098351171927
0.1035428084731721
0.035797605549638
-0.03393871504280465
-0.10197296122523751
-0.1646054906151049
-0.2183730755502009
-0.2602676075954129
-0.2879229865457772
-0.2997616623961859
-0.29509290601988986
-0.2741567195270994
-0.23810990833377846
-0.1889538874098771
-0.1294085762520579
-0.06275485054632521
0.007341857976497166
0.07702958300030213
0.14247952823483906
0.20009552553970664
0.2467113755156455
0.27976493244179296
0.29743915055946873
0.2987622002373564
0.2836610770485138
0.25296573082694485
0.20836349075035748
0.152306308624901
0.08787594002547446
0.018614493064514768
-0.05167032687821708
-0.11911456340447005
-0.18001043682193263
-0.23101017824009262
-0.2693100686687144
-0.292804569042681
-0.30020206942935873
-0.2910958941695313
-0.2659866588677841
-0.2262547494939178
-0.17408443606006116
-0.11234379245687716
-0.04442702378397547
0.02593213071610163
0.09486566083325126
0.15858393020800302
0.21358401253752213
0.2568422658076824
0.28598055773028275
0.29939700410981224
0.2963540327797342
0.27701893178434306
0.24245465266806782
0.1945613744667472
0.13597204093387036
0.06990761386501608
-3.718261220203698e-16
-0.06990761386501682
-0.13597204093387102
-0.19456137446674787
-0.2424546526680683
-0.27701893178434334
-0.29635403277973443
-0.2993970041098123
-0.2859805577302825
-0.2568422658076821
-0.21358401253752166
-0.1585839302080025
-0.09486566083325065
-0.02593213071610096
0.04442702378397623
0.11234379245687783
0.17408443606006188
0.22625474949391855
0.2659866588677849
0.29109589416953185
0.3002020694293594
0.29280456904268143
0.2693100686687147
0.2310101782400928
0.18001043682193268
0.1191145634044698
0.0516703268782166
-0.018614493064515434
-0.0878759400254752
-0.15230630862490194
-0.2083634907503585
-0.2529657308269458
-0.2836610770485145
-0.2987622002373569
-0.29743915055946907
-0.279764932441793
-0.24671137551564534
-0.20009552553970622
-0.1424795282348387
-0.07702958300030151
-0.007341857976496474
0.06275485054632576
0.12940857625205843
0.18895388740987776
0.23810990833377887
0.2741567195270996
0.2950929060198901
0.299761662396186
0.287922986545777
0.26026760759541273
0.21837307555020044
0.1646054906151046
0.10197296122523714
0.033938715042804136
-0.035797605549638734
-0.10354280847317315
-0.16586098351171982
-0.2197962634865087
-0.2630473155728947
-0.2940869815836482
-0.3122241259481177
-0.3176080138471915
-0.3111786707157604
-0.2945694644396925
4.985067327173832
0.2936464523923227
0.3016325778660095
0.2974073437052923
0.2797709700201476
0.24847572098700835
0.20429173923754987
0.14900108931992917
0.08531615850705719
0.01672336217117309
-0.052741961495068636
-0.1187788783491142
-0.1771471609676638
-0.2240052574008241
-0.2562108638167979
-0.27156129493096415
-0.2689634087536005
-0.24852411494888677
-0.2115556976027647
-0.16049479253944737
-0.0987391179300845
-0.030411364941917974
0.039933597947825666
0.10762009994855036
0.1681565681641095
0.21752903071366364
0.25246484237243816
0.27064857892981065
0.27087528880162676
0.25313054324054185
0.21859169146922727
0.16955005945721346
0.1092591643013478
0.041718988254254796
-0.028589363981041113
-0.09700099274277037
-0.15897675857832413
-0.21040450119588952
-0.2478719196276066
-0.2688930004335718
-0.27207297071532066
-0.2572008365843679
-0.2252633738458406
-0.1783796476020715
-0.11966040743637398
-0.05300168716237432
0.017173697211193995
0.0862096007348629
0.14952548410073738
0.2029203321015955
0.24285139104170927
0.26666923076600013
0.2727935347747629
0.2608179545958352
0.2315370712221266
0.1868936746756466
0.1298498596988478
0.06419049040512664
-0.0057279259448291325
-0.07526629376589206
-0.139810733735708
-0.1950787142696801
-0.2374031980235057
-0.2639759502710979
-0.2730338656206508
-0.2639759502710976
-0.2374031980235053
-0.19507871426967954
-0.1398107337357072
-0.07526629376589111
-0.0057279259448280604
0.06419049040512766
0.12984985969884885
0.18689367467564763
0.23153707122212736
0.2608179545958355
0.27279353477476304
0.2666692307659997
0.24285139104170847
0.20292033210159446
0.14952548410073613
0.08620960073486154
0.017173697211192645
-0.053001687162375584
-0.11966040743637513
-0.17837964760207226
-0.22526337384584091
-0.2572008365843679
-0.2720729707153203
-0.2688930004335711
-0.2478719196276058
-0.2104045011958887
-0.15897675857832316
-0.09700099274276945
-0.028589363981040363
0.0417189882542554
0.10925916430134823
0.16955005945721371
0.2185916914692275
0.25313054324054185
0.2708752888016267
0.2706485789298105
0.25246484237243794
0.21752903071366314
0.16815656816410898
0.10762009994854985
0.03993359794782509
-0.03041136494191851
-0.09873911793008512
-0.160494792539448
-0.21155569760276474
-0.24852411494888682
-0.26896340875360036
-0.271561294930964
-0.2562108638167975
-0.22400525740082397
-0.17714716096766356
-0.11877887834911384
-0.05274196149506825
0.016723362171173248
0.08531615850705744
0.14900108931992959
0.20429173923755015
0.2484757209870087
0.27977097002014767
0.2974073437052924
0.3016325778660091
0.2936464523923225
4.046912938362581
-0.2870088287312113
-0.28541157539255524
-0.27005318726575595
-0.24044055815429363
-0.19728944703758197
-0.14252008148714215
-0.07915417418409713
-0.01111626471192084
0.057050432719206234
0.12053675255497254
0.17466632646068866
0.21531316366814335
0.23929342641219775
0.24466862890191743
0.23093370083690684
0.19908258874759513
0.1515492698060614
0.09202919071991131
0.02519422576906049
-0.043677952572368596
-0.10913262364123591
-0.16599051510657442
-0.20976592022919316
-0.23701267860736397
-0.24558964705482936
-0.23482599957582023
-0.2055725619621791
-0.16013446590799238
-0.10208989335855322
-0.03600880507775278
0.032906431239081914
0.09923032753059705
0.1577412757637442
0.2038326189254733
0.23387538495659874
0.2455040808811478
0.23780301073189855
0.21137842581977
0.16831081810276372
0.11199111524883981
0.04685368354391936
-0.02197282902845225
-0.08906931138342976
-0.1491528722614657
-0.19749279313087978
-0.23028300268182397
-0.24494174770675098
-0.24031486679098582
-0.21676666248179746
-0.17615121712845846
-0.12166641066489353
-0.057602134059395536
0.010997477243919569
0.07873119579910437
0.14026597058659476
0.1907568276473959
0.22622834177972748
0.24388764387232642
0.24234431903773532
0.2217198817282958
0.18363820824799104
0.13109767996620883
0.0682351041148273
-7.715048490800217e-16
-0.0682351041148288
-0.13109767996621013
-0.18363820824799204
-0.22171988172829643
-0.24234431903773548
-0.2438876438723262
-0.22622834177972678
-0.19075682764739485
-0.14026597058659354
-0.078731195799103
-0.010997477243918218
0.05760213405939677
0.12166641066489448
0.1761512171284592
0.21676666248179782
0.24031486679098576
0.24494174770675067
0.23028300268182347
0.19749279313087878
0.14915287226146468
0.08906931138342865
0.021972829028451168
-0.046853683543920374
-0.11199111524884052
-0.16831081810276433
-0.2113784258197704
-0.23780301073189872
-0.24550408088114756
-0.23387538495659843
-0.20383261892547289
-0.15774127576374372
-0.09923032753059656
-0.0329064312390812
0.03600880507775342
0.10208989335855398
0.16013446590799305
0.20557256196217974
0.2348259995758209
0.2455896470548298
0.23701267860736439
0.20976592022919338
0.1659905151065746
0.10913262364123591
0.04367795257236845
-0.025194225769061173
-0.09202919071991185
-0.1515492698060619
-0.19908258874759605
-0.23093370083690776
-0.2446686289019184
-0.23929342641219842
-0.2153131636681436
-0.17466632646068858
-0.12053675255497245
-0.05705043271920604
0.011116264711921555
0.07915417418409781
0.1425200814871434
0.1972894470375828
0.240440558154294
0.27005318726575617
0.28541157539255685
0.2870088287312124
3.2121445562806366
0.27521906500140697
0.26361631636436333
0.23737671183911518
0.19696889499262418
0.1442850566039733
0.08251937076556026
0.015924015066573788
-0.050541223238173505
-0.11164025973630104
-0.16233992249513074
-0.19829926177624738
-0.21632888634883007
-0.21476364646443083
-0.19367597261076966
-0.15490801624191936
-0.10192948744996227
-0.03953828717522193
0.026567966632527446
0.0903112399743428
0.14579728834698572
0.18787487976261183
0.2126377463576917
0.21779583940306962
0.20287647275555473
0.16926021276760939
0.12004958432668801
0.05978157776222521
-0.005990505026060425
-0.0712080813078464
-0.12986463227372885
-0.17655832443213088
-0.20698913636328328
-0.21835471605901172
-0.20960846111845985
-0.1815559846256098
-0.1367810192450227
-0.07940753738482269
-0.014719970646093353
0.05132349890983694
0.11263973918291059
0.16358099618521682
0.19945512350473202
0.2169577855843186
0.2144768225900354
0.19224074440862587
0.15229767971567432
0.09832672203287907
0.035299051149031646
-0.030979955897131203
-0.09440544897846966
-0.14913541209389722
-0.19012876096965708
-0.21360966816980473
-0.21741534772324866
-0.2011952654667751
-0.16644342612970695
-0.11636076316419242
-0.055560306278212845
0.010357716863258131
0.07532170812616092
0.13334794358156565
0.1790917242658752
0.20833966744043486
0.2183977942167817
0.20833966744043475
0.17909172426587533
0.13334794358156585
0.07532170812616108
0.010357716863258294
-0.055560306278212686
-0.11636076316419218
-0.1664434261297067
-0.201195265466775
-0.21741534772324855
-0.21360966816980465
-0.19012876096965708
-0.14913541209389727
-0.0944054489784697
-0.03097995589713134
0.03529905114903149
0.09832672203287895
0.1522976797156742
0.19224074440862574
0.21447682259003564
0.21695778558431872
0.19945512350473207
0.16358099618521696
0.11263973918291084
0.051323498909837055
-0.0147199706460933
-0.07940753738482277
-0.13678101924502284
-0.1815559846256102
-0.20960846111846027
-0.2183547160590123
-0.2069891363632838
-0.1765583244321313
-0.12986463227372927
-0.07120808130784653
-0.00599050502606044
0.059781577762225466
0.12004958432668848
0.16926021276761
0.20287647275555534
0.2177958394030703
0.21263774635769234
0.18787487976261252
0.1457972883469861
0.09031123997434307
0.0265679666325274
-0.03953828717522217
-0.10192948744996244
-0.1549080162419196
-0.19367597261077024
-0.21476364646443175
-0.2163288863488304
-0.19829926177624804
-0.162339922495131
-0.1116402597363013
-0.05054122323817332
0.015924015066573913
0.08251937076556116
0.14428505660397417
0.19696889499262474
0.23737671183911582
0.2636163163643644
0.27521906500140797
2.4895146585229777
0.25898246652601226
0.23751858522433716
0.20135930903196414
0.15213514358276192
0.09302733609799464
0.02847990311708406
-0.03622273384941096
-0.09547579690912204
-0.14392511763662344
-0.17703663851935544
-0.19161162714206123
-0.18619874858448143
-0.16134146822748296
-0.11958815585055957
-0.06526256528152842
-0.004032173402725615
0.05767441494384899
0.11333829112672926
0.15703940776115596
0.18409312895941163
0.19156896488163053
0.17863528380710517
0.146660278552421
0.09905295998879678
0.04089029109694358
-0.02162838176631546
-0.081843127371457
-0.1333423494354822
-0.17064438535584017
-0.18977991940834243
-0.18871360242068477
-0.16756014678570136
-0.12857188579334639
-0.07589903591480504
-0.015148076530207404
0.047214836577062984
0.10455198631020242
0.1507605276806121
0.18092205176142662
0.1918261250095916
0.1823120527621809
0.15339246527477748
0.10814555761864464
0.05138745134455575
-0.010840442918137337
-0.07191448968447832
-0.1253338660561687
-0.16541252454206554
-0.18788442705110453
-0.19035762859805044
-0.17256887838845125
-0.13641163912374027
-0.08573454275908474
-0.025931735672258597
0.03663128248226425
0.09529521182530457
0.14381577766116865
0.17702837998372625
0.1913978209021088
0.18539459621545898
0.15965769808687436
0.11692659981991005
0.06174966233996635
1.8153289261565205e-16
-0.061749662339966
-0.11692659981990977
-0.1596576980868743
-0.18539459621545903
-0.191397820902109
-0.1770283799837265
-0.14381577766116901
-0.0952952118253049
-0.036631282482264466
0.025931735672258496
0.08573454275908483
0.13641163912374052
0.17256887838845156
0.19035762859805078
0.18788442705110495
0.16541252454206593
0.12533386605616897
0.07191448968447847
0.010840442918137242
-0.05138745134455601
-0.10814555761864483
-0.15339246527477782
-0.18231205276218124
-0.1918261250095917
-0.1809220517614268
-0.15076052768061238
-0.10455198631020235
-0.04721483657706284
0.015148076530207557
0.07589903591480518
0.1285718857933464
0.16756014678570116
0.18871360242068472
0.18977991940834243
0.17064438535584017
0.13334234943548226
0.08184312737145717
0.021628381766315763
-0.04089029109694325
-0.09905295998879644
-0.14666027855242067
-0.17863528380710472
-0.19156896488163005
-0.1840931289594113
-0.15703940776115588
-0.11333829112672938
-0.05767441494384918
0.004032173402725406
0.06526256528152821
0.11958815585055882
0.16134146822748283
0.1861987485844813
0.19161162714206106
0.1770366385193551
0.14392511763662297
0.09547579690912178
0.036222733849410875
-0.028479903117084662
-0.09302733609799481
-0.15213514358276176
-0.20135930903196364
-0.23751858522433672
-0.25898246652601215
1.8812184651257897
-0.23911603471551873
-0.2084965886633187
-0.1640146551856855
-0.1085725624706285
-0.04661991571749911
0.016343737104363622
0.07438944682197995
0.1218379166725238
0.15392558004356044
0.16738736647233565
0.16089496986437665
0.13530452140905616
0.09366164472408171
0.040907096516859
-0.01668076334384668
-0.0722214326461458
-0.11904926106620382
-0.15151170915234302
-0.165653741245376
-0.15970814667060965
-0.13433529249029563
-0.09258185343264969
-0.03952314908080558
0.018372901339380913
0.0740460625996343
0.12070944128102389
0.15267749868140007
0.16605755846557108
0.15922207419620626
0.13300511113854865
0.09059962072388472
0.03716816124820606
-0.020785619601403085
-0.07620840077951183
-0.12235534644035699
-0.1536106966727596
-0.1661710067237676
-0.15850792063144317
-0.13155415648191618
-0.08859003856906415
-0.0348443443208171
0.023141992136001235
0.07831189914384008
0.12395103085259837
0.15450493736291274
0.1662550775065919
0.15777139302253776
0.13008636059550888
0.08656933879359234
0.03251650399012855
-0.025493716309343575
-0.08040126488382231
-0.1255236914169648
-0.15536943181418295
-0.16630615137651955
-0.15700281247162098
-0.12859166589530632
-0.08453045129094161
-0.030181577468180436
0.02784050210956094
0.08247429199667927
0.12707066397390068
0.15620207968073557
0.16632314141128096
0.15620207968073566
0.1270706639739011
0.0824742919966799
0.027840502109561613
-0.030181577468179944
-0.08453045129094118
-0.1285916658953061
-0.1570028124716207
-0.16630615137651963
-0.15536943181418325
-0.12552369141696532
-0.08040126488382286
-0.025493716309344158
0.03251650399012807
0.08656933879359203
0.13008636059550877
0.15777139302253781
0.16625507750659194
0.1545049373629131
0.12395103085259891
0.07831189914384064
0.023141992136001637
-0.03484434432081679
-0.08859003856906383
-0.13155415648191612
-0.15850792063144345
-0.16617100672376775
-0.1536106966727598
-0.1223553464403574
-0.07620840077951227
-0.020785619601403547
0.03716816124820567
0.09059962072388449
0.1330051111385485
0.15922207419620618
0.16605755846557113
0.15267749868140032
0.12070944128102432
0.07404606259963466
0.018372901339381208
-0.03952314908080531
-0.0925818534326493
-0.1343352924902956
-0.15970814667060979
-0.165653741245376
-0.1515117091523435
-0.11904926106620416
-0.07222143264614597
-0.016680763343847264
0.04090709651685875
0.09366164472408102
0.135304521409056
0.16089496986437668
0.16738736647233585
0.15392558004356036
0.12183791667252396
0.07438944682198015
0.016343737104363664
-0.04661991571749908
-0.10857256247062842
-0.16401465518568578
-0.2084965886633192
-0.23911603471551923
1.3837699858343608
-0.21651403625753812
-0.17796699932955723
-0.12727178851730012
-0.06859473306272196
-0.0074831423584828406
0.04986824569949533
0.09742762769065735
0.1301162861828404
0.14448451676093654
0.13919420504014424
0.11525392718740944
0.07598302040364281
0.026682222857757575
-0.026012369699438907
-0.07499979678720577
-0.11366588193435306
-0.13677586232402053
-0.14118405315530821
-0.12626553082089698
-0.09401439456698378
-0.04879906463472252
0.0031933216493848994
0.05479661492081805
0.09887887257543501
0.12934274736119308
0.14197385561676615
0.13502362281625804
0.1094490248634535
0.06877818702794745
0.018621634892423418
-0.03410281047445526
-0.08212451272268007
-0.11882245579010402
-0.13913770849817214
-0.14027037971437495
-0.12206516940459836
-0.08703247357068973
-0.04000217148876983
0.01254219626759975
0.0633571271631399
0.10543759888987997
0.13298266660159078
0.1421951238745935
0.13180498045130942
0.10324456888889241
0.060451119138285755
0.009324004783324751
-0.04308852047041364
-0.08956097957373726
-0.12368676719864613
-0.1407613589391347
-0.13843087399407536
-0.11701658026189934
-0.07947060612105124
-0.030968965125711196
0.021802000563181368
0.07156738765251573
0.11146663654629776
0.13599931491408318
0.14178339627673817
0.12802149907829477
0.09661081169894115
0.05188154953470673
4.4190943717401913e-16
-0.05188154953470592
-0.09661081169894045
-0.12802149907829444
-0.14178339627673814
-0.13599931491408354
-0.11146663654629838
-0.07156738765251645
-0.021802000563182305
0.03096896512571035
0.07947060612105059
0.11701658026189911
0.1384308739940753
0.14076135893913497
0.1236867671986468
0.08956097957373807
0.043088520470414525
-0.00932400478332385
-0.06045111913828496
-0.10324456888889202
-0.1318049804513093
-0.1421951238745936
-0.13298266660159125
-0.10543759888988057
-0.06335712716314053
-0.012542196267600267
0.040002171488769125
0.08703247357068926
0.12206516940459813
0.14027037971437495
0.1391377084981723
0.11882245579010417
0.08212451272268016
0.03410281047445548
-0.01862163489242311
-0.06877818702794718
-0.10944902486345326
-0.1350236228162578
-0.14197385561676606
-0.12934274736119292
-0.09887887257543472
-0.05479661492081796
-0.003193321649385014
0.04879906463472225
0.09401439456698356
0.12626553082089673
0.141184053155308
0.1367758623240202
0.11366588193435265
0.0749997967872058
0.02601236969943852
-0.0266822228577572
-0.07598302040364248
-0.11525392718740882
-0.1391942050401437
-0.14448451676093577
-0.13011628618284016
-0.0974276276906574
-0.0498682456994959
0.00748314235848218
0.06859473306272076
0.1272717885173002
0.17796699932955798
0.21651403625753818
0.9891499489745249
0.19211191060137675
0.14731719693616394
0.09286579062581264
0.03404844267127472
-0.022804369266756677
-0.07129427272026853
-0.10591171412538018
-0.12285005044332693
-0.1205715211588474
-0.10005637787440055
-0.06471272021902583
-0.01997195280705533
0.027402081554576265
0.07026791064162384
0.10216977321768887
0.11831345593366022
0.11629187111871858
0.0964472922641523
0.06181824219966642
0.017684755543962934
-0.029212460159541435
-0.07166030432427457
-0.10307791737491218
-0.11857079019828191
-0.11571123544237895
-0.09492360870589764
-0.05941978003289783
-0.014698894340788539
0.032308248612471474
0.07431597103495348
0.1048141556076942
0.11907724927679152
0.11489593078301727
0.09291859252849943
0.056550141784854874
0.01142405169780037
-0.03547044803703296
-0.07687085319949213
-0.1063659628659335
-0.11938850463282283
-0.11392220134802673
-0.09081386444803237
-0.05364220886928575
-0.008163680003538355
0.038578932609455004
0.07934709101063067
0.10782744206923521
0.11960950164707829
0.11286867675363677
0.08864884126513799
0.050700696018006856
0.0049009397326083524
-0.041657802616396934
-0.08176535754906247
-0.1092105877879308
-0.11974326512788648
-0.11173227231934366
-0.08641820281912634
-0.04772124039437335
-0.0016340712549232428
0.04470615584188877
0.08412310298437115
0.1105125850266409
0.11978787553264011
0.110512585026641
0.08412310298437117
0.044706155841888785
-0.0016340712549231416
-0.047721240394373414
-0.08641820281912624
-0.11173227231934368
-0.11974326512788616
-0.10921058778793068
-0.08176535754906242
-0.041657802616397024
0.004900939732608308
0.05070069601800674
0.08864884126513797
0.11286867675363665
0.11960950164707826
0.10782744206923521
0.07934709101063042
0.03857893260945506
-0.008163680003538322
-0.053642208869285696
-0.09081386444803242
-0.1139222013480267
-0.11938850463282266
-0.10636596286593335
-0.07687085319949208
-0.03547044803703275
0.011424051697800482
0.05655014178485507
0.09291859252849957
0.11489593078301726
0.11907724927679131
0.10481415560769385
0.07431597103495306
0.03230824861247109
-0.014698894340788622
-0.05941978003289788
-0.09492360870589743
-0.11571123544237855
-0.11857079019828126
-0.10307791737491175
-0.07166030432427428
-0.02921246015954108
0.01768475554396305
0.061818242199666265
0.09644729226415187
0.11629187111871837
0.11831345593365948
0.10216977321768818
0.07026791064162347
0.02740208155457585
-0.019971952807055052
-0.06471272021902527
-0.10005637787439986
-0.12057152115884666
-0.12285005044332614
-0.10591171412537971
-0.07129427272026892
-0.022804369266756927
0.03404844267127415
0.09286579062581247
0.14731719693616377
0.19211191060137647
0.686096444855284
0.16685018997701329
0.11784100442086708
0.06224194157797397
0.006202435507418205
-0.043589146605219044
-0.08108841488640667
-0.10191938672575307
-0.10409358565681771
-0.08832891459913457
-0.05793944757050154
-0.018336619987733584
0.023758392464570476
0.06129946925840717
0.08803273791446778
0.09953894101281519
0.09397856527230541
0.07239614206394418
0.038531085313242806
-0.0018261369804739983
-0.0418137557640002
-0.07463866649249476
-0.09468296986183558
-0.09846393034784585
-0.08528376192022322
-0.05737943173284868
-0.01954699579255765
0.021686912300293442
0.059197429867884614
0.08649803741732334
0.09886550883059976
0.0941581500970485
0.07318623457202579
0.039571380673532525
-0.0008800751089495429
-0.04118092753327536
-0.074370500766337
-0.09471698499665065
-0.09870713444622772
-0.08565257508642309
-0.05780822473481476
-0.019982564107712545
0.021292828584299848
0.05889106864653635
0.08632041763707086
0.0988450329051578
0.09430256621203459
0.07347746801018257
0.03996553639661809
-0.00044692239419214723
-0.04078214792029702
-0.07407570919555863
-0.09457900185246883
-0.09875182936666682
-0.08587367926979465
-0.058168141949837805
-0.02041898402284287
0.02085583589500056
0.0585295908437552
0.08609732593594364
0.09879904207748626
0.09444158638512373
0.073777336176565
0.040374290499066705
2.5990769521703485e-16
-0.040374290499066295
-0.07377733617656447
-0.09444158638512302
-0.09879904207748598
-0.08609732593594424
-0.05852959084375664
-0.02085583589500239
0.020418984022841216
0.05816814194983724
0.08587367926979572
0.09875182936666926
0.09457900185247159
0.07407570919556075
0.04078214792029773
0.0004469223941905993
-0.039965536396621155
-0.07347746801018595
-0.09430256621203698
-0.09884503290515803
-0.08632041763706855
-0.05889106864653251
-0.021292828584296507
0.01998256410771418
0.05780822473481361
0.08565257508642014
0.09870713444622435
0.09471698499664863
0.07437050076633724
0.04118092753327686
0.0008800751089515926
-0.03957138067353105
-0.07318623457202521
-0.0941581500970487
-0.09886550883060083
-0.08649803741732505
-0.05919742986788643
-0.021686912300293924
0.019546995792558867
0.057379431732850844
0.0852837619202246
0.0984639303478458
0.0946829698618341
0.07463866649249343
0.041813755764000426
0.001826136980476056
-0.03853108531324071
-0.0723961420639437
-0.09397856527230744
-0.09953894101281804
-0.0880327379144699
-0.061299469258407006
-0.02375839246456943
0.018336619987735035
0.05793944757050246
0.08832891459913539
0.10409358565681871
0.1019193867257537
0.08108841488640638
0.043589146605217156
-0.00620243550741939
-0.06224194157797473
-0.11784100442086648
-0.1668501899770129
0.46141274181506153
0.14163989754451908
0.09068065173385416
0.036478056936204026
-0.014321334404193146
-0.05514563188096204
-0.08083831928257881
-0.08864617317569597
-0.07871037303178664
-0.05400968591522268
-0.019803848168420752
0.017287265603745265
0.05037549248675688
0.07341626581305882
0.08226025283431969
0.07541910070667215
0.05434131241717328
0.023126583034810886
-0.012265411165101688
-0.04515110025395935
-0.06937616447123107
-0.08043775796255492
-0.07626599503187913
-0.05761426709152557
-0.027982241123255078
0.007015330625715069
0.04071083244167285
0.06666223924264335
0.07989454510785558
0.07786089577474876
0.06093649044226942
0.03234993796193323
-0.002434140232024651
-0.03676186494036266
-0.064064776020872
-0.07911783569850747
-0.07903979327771771
-0.06384454268069827
-0.036438185483836996
-0.0020626401825274377
0.03270747799235554
0.061222601263643636
0.07802991807587857
0.07991590082175375
0.06652046875307896
0.04040553298433265
0.0065649316999821855
-0.02853050871714359
-0.05817022239735468
-0.07668694246316553
-0.08054024951909522
-0.06899347531032043
-0.04425453924550248
-0.011053780711014812
0.024260505208102634
0.054935900648326826
0.07510697908903655
0.08091682977488153
0.07125454337078883
0.047967638885581705
0.015508808123240082
-0.019915480137268734
-0.05153172188132856
-0.07329454709467226
-0.08104266405048756
-0.07329454709467258
-0.051531721881328915
-0.019915480137269077
0.015508808123239742
0.0479676388855816
0.07125454337078867
0.08091682977488132
0.07510697908903652
0.05493590064832691
0.024260505208102804
-0.011053780711014607
-0.044254539245502114
-0.0689934753103201
-0.08054024951909527
-0.07668694246316539
-0.05817022239735477
-0.02853050871714381
0.006564931699981779
0.04040553298433251
0.06652046875307883
0.07991590082175379
0.07802991807587883
0.06122260126364373
0.03270747799235585
-0.002062640182527478
-0.036438185483837364
-0.06384454268069822
-0.07903979327771771
-0.07911783569850739
-0.06406477602087185
-0.0367618649403627
-0.0024341402320248143
0.032349937961933355
0.0609364904422696
0.07786089577474893
0.07989454510785557
0.06666223924264342
0.040710832441672534
0.0070153306257147285
-0.027982241123255293
-0.05761426709152548
-0.07626599503187917
-0.0804377579625551
-0.06937616447123116
-0.04515110025395944
-0.012265411165101055
0.02312658303481128
0.054341312417173146
0.0754191007066723
0.0822602528343199
0.07341626581305867
0.050375492486756566
0.017287265603744755
-0.019803848168421553
-0.054009685915223156
-0.07871037303178655
-0.08864617317569526
-0.08083831928257822
-0.05514563188096081
-0.01432133440419233
0.0364780569362037
0.09068065173385248
0.14163989754451917
