1
8
GFSPRS
0
ncep_nco
v2003
local_tab_yes1
fcst
oper
fcst
fcst
hour
nws_ncep
gfs_avn
complex_packing_spatial_diff
2nd_ord_sptdiff
fltng_pnt
lossless
12
HGT_ON_ISOBARIC_SFC
?
1
tmpl4_0
HGT
?
?
isobaric_sfc
0
?
37
100. 200. 300. 500. 700. 1000. 2000. 3000. 5000. 7000. 10000. 12500. 15000. 17500. 20000. 22500. 25000. 30000. 35000. 40000. 45000. 50000. 55000. 60000. 65000. 70000. 75000. 77500. 80000. 82500. 85000. 87500. 90000. 92500. 95000. 97500. 100000.
?
0
?
0
?
?
?
0
0.0
0
0.0
?
0
0.0
0
0.0
1
6.0
0
0
0
?
?
?
13
TMP_ON_ISOBARIC_SFC
?
1
tmpl4_0
TMP
?
?
isobaric_sfc
0
?
37
100. 200. 300. 500. 700. 1000. 2000. 3000. 5000. 7000. 10000. 12500. 15000. 17500. 20000. 22500. 25000. 30000. 35000. 40000. 45000. 50000. 55000. 60000. 65000. 70000. 75000. 77500. 80000. 82500. 85000. 87500. 90000. 92500. 95000. 97500. 100000.
?
0
?
0
?
?
?
0
0.0
0
0.0
?
0
0.0
0
0.0
1
4.0
0
0
0
?
?
?
16
SPFH_ON_ISOBARIC_SFC
?
1
tmpl4_0
SPFH
?
?
isobaric_sfc
0
?
37
100. 200. 300. 500. 700. 1000. 2000. 3000. 5000. 7000. 10000. 12500. 15000. 17500. 20000. 22500. 25000. 30000. 35000. 40000. 45000. 50000. 55000. 60000. 65000. 70000. 75000. 77500. 80000. 82500. 85000. 87500. 90000. 92500. 95000. 97500. 100000.
?
0
?
0
?
?
?
0
0.0
0
0.0
?
0
0.0
0
0.0
1
7.0
0
0
0
?
?
?
17
RH_ON_ISOBARIC_SFC
?
1
tmpl4_0
RH
?
?
isobaric_sfc
0
?
37
100. 200. 300. 500. 700. 1000. 2000. 3000. 5000. 7000. 10000. 12500. 15000. 17500. 20000. 22500. 25000. 30000. 35000. 40000. 45000. 50000. 55000. 60000. 65000. 70000. 75000. 77500. 80000. 82500. 85000. 87500. 90000. 92500. 95000. 97500. 100000.
?
0
?
0
?
?
?
0
0.0
0
0.0
?
0
0.0
0
0.0
1
3.0
0
0
0
?
?
?
18
UGRD_ON_ISOBARIC_SFC
?
1
tmpl4_0
UGRD
?
?
isobaric_sfc
0
?
37
100. 200. 300. 500. 700. 1000. 2000. 3000. 5000. 7000. 10000. 12500. 15000. 17500. 20000. 22500. 25000. 30000. 35000. 40000. 45000. 50000. 55000. 60000. 65000. 70000. 75000. 77500. 80000. 82500. 85000. 87500. 90000. 92500. 95000. 97500. 100000.
?
0
?
0
?
?
?
0
0.0
0
0.0
?
0
0.0
0
0.0
1
4.0
0
0
0
?
?
?
19
VGRD_ON_ISOBARIC_SFC
?
1
tmpl4_0
VGRD
?
?
isobaric_sfc
0
?
37
100. 200. 300. 500. 700. 1000. 2000. 3000. 5000. 7000. 10000. 12500. 15000. 17500. 20000. 22500. 25000. 30000. 35000. 40000. 45000. 50000. 55000. 60000. 65000. 70000. 75000. 77500. 80000. 82500. 85000. 87500. 90000. 92500. 95000. 97500. 100000.
?
0
?
0
?
?
?
0
0.0
0
0.0
?
0
0.0
0
0.0
1
4.0
0
0
0
?
?
?
20
VVEL_ON_ISOBARIC_SFC
?
1
tmpl4_0
VVEL
?
?
isobaric_sfc
0
?
37
100. 200. 300. 500. 700. 1000. 2000. 3000. 5000. 7000. 10000. 12500. 15000. 17500. 20000. 22500. 25000. 30000. 35000. 40000. 45000. 50000. 55000. 60000. 65000. 70000. 75000. 77500. 80000. 82500. 85000. 87500. 90000. 92500. 95000. 97500. 100000.
?
0
?
0
?
?
?
0
0.0
0
0.0
?
0
0.0
0
0.0
1
5.0
0
0
0
?
?
?
21
ABSV_ON_ISOBARIC_SFC
?
1
tmpl4_0
ABSV
?
?
isobaric_sfc
0
?
37
100. 200. 300. 500. 700. 1000. 2000. 3000. 5000. 7000. 10000. 12500. 15000. 17500. 20000. 22500. 25000. 30000. 35000. 40000. 45000. 50000. 55000. 60000. 65000. 70000. 75000. 77500. 80000. 82500. 85000. 87500. 90000. 92500. 95000. 97500. 100000.
?
0
?
0
?
?
?
0
0.0
0
0.0
?
0
0.0
0
0.0
1
4.0
0
0
0
?
?
?
